1
762.3351,241.1762,152.9785,93.6449
755.9936,243.8388,156.1329,93.5911
756.5593,246.8027,157.8647,93.0945
756.4716,247.8183,157.1694,92.2946
757.0424,249.0766,158.0531,91.9520
757.4326,248.9130,157.7406,91.9273
757.0864,248.9804,157.7310,92.3529
756.9268,248.5418,158.2132,92.5685
760.5458,248.0100,159.8608,93.4979
764.7600,247.6105,161.9054,94.1524
767.3885,246.8226,163.1351,94.9158
775.0109,245.4834,162.7351,94.7855
769.4137,244.4849,161.9632,95.2561
768.9872,242.3112,162.1508,96.3123
769.8097,239.4566,162.6532,95.1249
775.4030,236.2239,162.6309,93.7461
775.3395,236.0651,162.4115,93.4182
776.8424,235.3587,161.8974,93.3291
780.5447,234.1772,163.8264,94.1106
781.2863,232.8714,163.0407,94.8802
788.9366,228.7102,162.6366,95.8627
793.7932,226.5326,162.6156,96.9399
793.1754,225.2457,163.8385,97.5901
797.9133,222.4721,164.2186,98.4484
801.9469,223.5277,161.9797,99.7998
803.7533,220.0810,160.6435,101.6024
804.9884,218.0093,159.8177,101.8413
804.8060,219.1764,159.6121,102.6770
808.5167,216.6630,157.4641,103.8656
812.3329,218.1154,154.9585,105.4929
818.6613,218.6093,152.3480,107.2076
823.6151,218.3762,147.6875,111.6185
828.2406,219.4454,143.2966,114.9811
829.2368,217.9408,138.9222,117.7339
831.9474,219.7216,135.4265,119.3582
834.8652,216.6300,133.1617,118.2707
831.9966,218.1241,131.5098,117.9346
835.0624,217.0188,130.4383,117.3185
837.1805,217.0140,128.4417,117.5592
838.6066,215.7627,127.3163,117.4509
843.3132,214.2758,125.5145,116.9478
845.0699,214.1888,122.4483,116.5662
848.1788,213.2410,119.1079,115.8673
848.5237,213.3830,116.9072,114.3792
851.6392,214.2490,115.0439,113.4641
852.6531,213.7939,114.3494,112.7443
853.7883,211.3810,111.6222,113.5749
853.3306,210.2251,109.3711,114.0661
860.2825,210.5564,105.7945,114.9379
858.4020,209.4116,104.6543,113.9240
862.2026,204.1186,102.5270,113.2420
864.9169,204.9597,100.1101,113.8118
864.5433,203.5055,98.1166,113.8624
864.0729,202.0273,96.4958,113.8432
867.1125,199.9234,94.9834,113.0000
870.2065,199.8945,93.0821,112.6675
871.0803,198.0434,91.7369,111.1402
876.1882,198.3962,88.7023,112.6977
885.3824,204.0106,83.7076,116.9457
876.6660,197.1264,83.6579,117.1085
886.5070,202.1760,80.2759,120.8476
883.9036,196.4289,78.8578,122.9657
889.8049,200.8962,75.8283,126.5595
892.9824,201.1567,72.3607,130.4298
888.6734,196.0925,72.5023,130.4156
894.5069,201.8536,69.7873,132.7314
896.9229,198.8489,66.2749,134.4232
899.4023,201.6043,63.5330,135.8352
900.6713,196.2092,60.8233,137.4194
900.6930,194.2539,58.8630,137.3503
902.8522,197.5994,57.2219,139.0610
903.9291,197.7086,56.4520,138.0517
903.4425,200.2434,55.9440,136.2193
904.6912,203.7610,55.8160,135.2402
904.3768,205.3973,55.9811,133.9032
902.5800,202.7914,55.9840,131.7175
901.9793,200.4724,56.0789,130.0009
901.9839,204.4376,56.4850,129.1351
901.7341,204.5565,57.7252,127.6720
901.7196,204.1092,57.7703,127.4845
896.1723,201.3078,59.6474,124.2301
895.4716,201.8599,60.9039,122.9324
895.7378,202.0542,62.4187,122.9485
894.5511,199.3466,63.1868,123.1184
893.0462,202.1546,64.6345,122.6370
892.0078,200.9679,65.3858,122.8183
892.5283,202.4731,66.3736,124.0420
893.3954,201.7952,66.7845,125.0430
894.3932,201.2489,66.7880,126.0308
893.1078,201.9208,67.2621,125.8640
893.5752,200.7288,67.7906,125.7766
892.7446,201.6485,68.2731,125.0810
893.6097,202.1074,68.4044,124.8739
893.5214,201.9958,68.7071,124.7036
893.7202,202.3799,68.9859,124.0700
893.9189,201.6555,68.8021,124.4825
893.8133,201.9395,68.1924,124.4897
894.4266,201.9805,67.7138,124.6114
894.9213,201.2542,67.4292,124.8698
894.7963,200.1749,67.0686,125.0022
894.8018,200.7999,66.6990,125.0652
894.6139,197.8526,66.3155,123.7610
893.9993,199.4335,66.6882,123.4091
894.4664,202.0540,67.1865,122.6002
893.7433,203.9357,67.3349,121.5160
893.4515,202.0961,67.1288,120.4011
894.6915,204.7128,67.1657,119.8964
895.1449,201.9098,66.4213,119.6064
895.4747,205.6740,66.3991,119.7644
896.1372,205.3295,66.5066,119.5387
895.7808,204.7942,66.4923,119.2798
895.3920,203.1842,65.6856,118.2841
896.3963,207.9296,65.4944,118.5303
896.1918,204.6903,64.9483,117.7326
896.7204,204.0422,64.8626,116.6617
896.5784,209.7382,64.7999,116.3906
895.6075,212.3320,65.3182,116.2420
894.5315,213.1019,65.9721,115.6872
893.5341,213.5958,66.6246,115.0897
892.9531,214.5929,67.1340,114.6802
892.7235,215.8411,67.5345,114.0083
893.6029,211.6167,67.5137,112.9494
893.2551,215.2956,67.8410,112.6547
892.2570,215.3515,68.0259,112.7528
891.0231,215.1095,68.6964,113.3349
890.3798,211.8563,69.0778,113.7417
891.6039,207.8008,69.2434,114.9325
891.1694,210.2618,69.2077,115.8252
890.4878,205.9756,69.5702,116.8386
889.4875,207.7489,70.1615,117.5941
889.0106,209.0111,70.3582,118.2395
889.4570,204.0503,70.1866,118.3664
888.0865,208.2728,70.8014,118.0396
888.8571,205.3555,70.9729,117.8766
888.2933,209.2194,71.1042,118.2893
888.2337,205.2210,70.6740,118.5680
889.3452,202.7718,70.5572,118.8638
888.1511,207.0792,70.8255,118.8376
888.5726,203.9096,70.3963,119.1572
888.6172,208.1019,70.5254,119.4773
888.7137,203.9568,70.6180,118.7467
889.1519,207.5272,70.3064,119.7636
889.5102,203.7436,69.7974,119.9725
890.5342,202.2078,69.3976,120.2927
890.8959,206.0275,69.3233,120.6849
890.8702,203.6051,68.7642,120.6837
891.3502,202.2263,68.3219,120.7270
892.0496,200.9096,68.0093,120.5852
890.8826,204.6110,68.5058,120.4808
889.3292,200.1547,69.1171,119.9683
888.6149,203.7775,69.9471,119.7354
888.8710,198.9964,69.8596,119.9339
888.1564,203.7775,70.3737,119.9903
887.5200,198.1681,70.8181,119.7445
887.3329,201.6205,71.8593,119.8316
887.3606,196.9977,71.7517,120.4783
865.1156,190.0382,77.9903,116.8930
845.7131,182.8815,84.8708,112.3357
843.3981,185.0293,90.9272,109.3797
841.1628,186.6754,95.3342,107.9470
833.0779,185.2876,97.9430,106.5690
835.5754,185.5437,101.6066,104.9454
837.2858,187.7165,105.8048,103.7207
837.4623,189.9233,108.0295,105.0287
840.2596,192.0982,110.9355,106.2608
840.3308,191.2879,113.7017,105.6383
839.9203,192.4270,115.6216,105.1064
839.4234,196.2687,117.2826,104.4551
838.9327,201.6136,118.8646,102.2851
836.6567,207.8418,121.0417,100.7765
832.6987,214.8824,123.0973,99.9647
829.0227,219.7435,125.6800,99.2676
829.8843,221.5434,127.7564,99.0527
830.9254,220.7253,128.4868,98.4712
829.0951,217.1057,128.6376,97.5482
825.8713,220.4381,129.7261,97.2585
829.3008,219.8341,130.6251,97.0127
829.4960,221.8064,129.8637,98.7346
830.3952,221.7581,129.3643,99.8648
828.0222,222.8582,129.7323,100.1814
826.2678,224.3988,131.0178,100.2350
818.9527,224.6942,133.8480,100.1122
814.1812,227.3692,136.4660,99.7971
812.0546,228.8145,139.7431,99.5624
805.4158,230.1239,143.0057,99.6918
802.6242,224.8760,144.7159,99.5566
818.8364,222.6284,141.5724,102.3593
816.7358,221.8688,140.6254,104.2751
813.9146,222.2743,141.9440,104.7282
814.0853,223.3208,142.3292,105.4093
815.0978,223.4634,142.1652,106.6261
822.2117,222.5772,140.0176,108.0520
830.3292,221.1503,136.6211,109.3979
828.5141,220.5257,135.6702,109.8781
828.8546,220.0981,134.7825,109.5733
826.0988,219.7783,135.5983,108.8931
818.9604,219.8341,138.6562,107.2058
817.2158,220.2229,141.0155,105.2827
813.5766,221.1877,143.8578,103.9081
817.4057,221.6562,144.3923,103.0033
811.1093,220.8946,146.4770,101.5608
816.7365,221.0347,146.6498,102.0361
806.3345,220.3091,148.8232,101.1531
812.4268,220.1697,149.7251,100.9563
803.1766,219.5844,152.1351,100.5320
799.0574,218.6477,152.7527,100.6280
808.5217,218.8627,152.6630,100.4744
801.5744,219.5605,155.2430,100.5682
794.8757,218.5814,158.0363,100.5960
785.7083,218.9369,160.5684,101.0014
777.6812,218.3402,169.3882,97.7849
770.5405,219.2494,176.9930,95.7325
770.5688,219.4720,183.9232,94.8736
767.5398,220.6995,190.4777,94.6513
760.0135,221.7766,197.4740,94.4888
759.6409,222.7480,201.9043,95.1336
751.4484,224.2592,206.1624,95.7701
746.8672,225.4022,212.0740,95.2989
750.1529,226.9948,214.8759,95.0035
744.5668,229.3655,218.3195,94.8321
744.9964,230.2458,219.9186,93.5949
743.1055,232.8821,220.7507,92.7639
736.9904,234.9316,223.3788,91.8487
737.4244,234.7351,222.6218,91.8451
740.3283,235.0522,220.4538,91.2817
739.7040,233.5580,219.7611,90.8144
745.1672,232.0188,216.6561,90.5815
741.9858,231.4033,216.0046,90.2338
742.2013,229.7629,215.6008,89.8139
741.0839,232.0300,217.2546,89.0939
739.3093,233.0675,216.8905,88.6757
735.6723,235.9025,217.5049,88.3916
745.4071,239.4992,218.3705,87.2519
736.7926,237.5665,219.2822,86.2796
732.1432,232.7454,222.1319,86.7241
715.2806,234.4922,224.0729,85.7486
710.4511,232.6374,224.3014,85.6899
713.6667,232.3011,225.3198,86.1244
709.2164,232.8323,229.3017,85.5357
715.2933,230.6526,230.4529,84.8009
703.7960,228.8464,230.1857,84.8049
698.9224,232.1172,230.5054,84.3270
501.4029,154.2547,226.9666,88.7212
2
0
0
0
0
1
499.9146,217.5869,90.1775,88.2211
498.2705,222.9695,92.9989,89.3237
495.7006,221.4536,94.5437,89.6258
492.1563,220.9823,95.0651,89.1242
487.6974,217.6818,96.2467,88.6306
485.2388,215.8675,97.1532,87.9044
468.6710,212.4551,100.6032,87.1160
464.6489,214.7363,102.5541,87.9492
461.2060,214.6803,106.0855,88.4375
457.7179,211.6710,107.9231,89.7884
464.9639,213.4590,109.3799,90.5747
462.9968,210.8981,110.0438,91.7130
460.0096,213.6084,112.9313,90.7751
462.0379,214.6074,113.1650,91.0721
464.1973,213.6342,112.6149,91.9781
467.6792,213.1056,111.9229,92.2467
465.3916,213.2757,113.4391,92.3913
465.2682,213.5394,114.0533,92.4368
465.2586,214.4968,114.7435,93.4861
463.1779,215.4300,115.3060,94.5406
461.1106,216.7295,116.3203,96.0048
455.0392,217.1825,118.3585,96.5488
451.8271,215.9771,120.1415,96.7987
430.7141,216.1252,129.1894,90.8823
413.2306,209.6552,132.2673,91.0556
403.6886,207.5854,134.5122,89.7390
404.4953,209.6861,138.8494,86.9260
405.4257,210.7375,144.7914,85.0262
403.9842,209.2106,149.3521,85.2006
397.7051,207.9947,153.5273,85.8433
396.0710,206.5135,156.8476,87.1820
395.5125,206.4617,159.6884,88.8196
393.8663,206.9144,162.1346,90.2855
392.1412,207.1781,161.1610,91.3730
393.7447,207.7191,159.9138,92.1269
393.6628,207.6336,157.9189,93.7370
391.6932,209.2398,154.5428,97.2807
392.1502,211.5650,150.8534,102.1690
391.3091,204.8881,148.1406,109.0464
393.5831,205.0362,144.6581,114.8061
395.7314,200.8729,142.9637,120.0155
396.3695,199.4984,141.2407,122.9011
397.3569,198.0204,139.9254,124.2116
397.9778,198.8976,138.6236,121.8196
395.8550,201.8335,138.3727,119.8488
397.4871,205.3965,137.9899,119.3480
396.6168,209.4452,137.3459,120.5700
394.7915,213.2372,136.4624,122.3482
391.6080,215.1437,135.5809,123.5717
391.2162,215.4136,134.0188,124.8857
388.5755,216.6600,132.9175,127.7006
386.2402,214.7447,131.3773,129.3746
384.9303,215.9697,130.5121,130.5851
382.4333,208.8011,129.5157,131.6982
384.1361,212.4341,129.8533,130.2882
383.1248,210.6091,130.2526,128.3077
383.2526,211.7482,131.4001,125.1252
382.4185,213.4991,131.4591,122.4833
381.2056,213.9720,129.3939,120.6285
383.3871,217.1869,130.6150,117.9703
381.2182,218.5287,131.2015,117.8806
379.8043,218.7061,131.1497,117.5481
378.2416,217.4709,131.7679,118.1404
377.7864,218.6155,131.7300,116.9662
376.8477,218.8465,131.4903,115.5114
376.2076,218.3515,131.3399,114.3955
374.7924,220.9598,130.4914,115.2616
375.1271,218.5221,129.9998,115.5598
374.5084,220.7101,130.1772,117.2997
372.0354,219.3424,130.8930,117.9787
373.2776,217.6327,131.0728,119.0244
371.5696,214.6637,130.5637,119.7687
372.1288,218.4282,129.9836,120.9349
371.7014,215.6434,129.1423,122.8794
373.5782,217.9206,128.6567,124.7285
373.5442,214.8863,128.6344,125.1374
374.3156,213.5056,128.9748,125.2149
375.4744,211.7994,129.5973,124.0665
368.9675,210.9420,133.8468,121.1142
361.7738,217.6741,139.7850,117.0415
360.2834,216.9129,144.1857,114.3574
359.0817,217.9639,147.2796,112.7551
356.3389,217.1656,150.0711,112.0162
350.7133,218.6168,152.2126,111.3551
353.7717,217.6636,152.6300,111.3660
348.5898,218.0603,154.0622,111.6880
351.8882,220.1405,154.0301,111.2335
348.4501,218.8147,155.1177,111.7809
349.1736,217.3359,154.2977,111.9892
352.7090,217.8393,151.8165,111.2722
353.8350,217.5152,150.1743,109.6747
353.6460,217.4783,150.3011,108.2028
353.8573,216.7837,149.9507,107.5559
351.7285,218.0285,149.5745,107.2419
350.7039,216.2068,151.8605,104.7337
350.8232,216.0621,151.3244,104.7358
348.7739,214.2420,151.6617,104.5814
348.0419,213.9295,152.0252,103.1641
338.9520,216.4571,155.1380,102.5003
338.1348,214.1108,158.0371,102.1655
333.4590,217.4232,160.8917,102.5715
334.8958,217.1854,162.0543,103.2931
332.1544,216.2646,162.3366,103.7226
333.0135,215.5146,163.5170,104.2341
329.9325,214.0408,164.4922,105.0585
333.1975,211.9495,165.3204,105.4522
325.7506,210.4079,166.2664,106.0316
327.4026,207.5468,169.3357,103.7446
327.1508,205.8654,170.8221,103.1992
327.2543,207.8376,173.2278,103.0496
324.2317,210.7000,174.6189,103.3086
320.6924,212.4633,175.2463,103.0658
319.4097,212.2472,176.5064,102.1395
324.6974,212.4781,178.8600,101.2776
328.2160,212.7476,181.3774,100.0467
325.5051,216.3972,181.4030,100.9935
318.8237,219.6331,181.8158,101.9240
315.5001,219.9556,182.2621,102.6869
311.7400,221.0232,181.6591,103.1579
310.0637,221.4722,179.7456,103.9632
306.6338,223.8154,178.0604,104.9035
295.1529,224.4991,178.2035,105.4471
284.7263,223.2546,177.7947,106.2672
286.8109,226.1657,175.7574,107.5637
274.8246,226.2754,176.3579,108.1698
261.9632,227.6026,177.2480,108.3728
255.1689,226.8840,179.3929,106.8832
263.6235,224.7925,180.7326,106.9814
264.3441,221.9785,180.3588,107.6187
254.1534,222.5309,180.1039,108.4545
253.0411,222.7524,178.5666,109.4796
252.7248,222.3173,177.4149,110.8572
254.3088,220.1177,177.8202,111.2917
247.7806,218.8946,177.2046,111.9350
242.9447,218.5141,177.3433,110.8662
239.4133,217.2630,177.8850,108.9847
243.7024,216.5395,178.9455,107.1783
242.1489,214.2364,181.0002,104.4805
230.6758,214.1485,180.5345,102.1146
225.9573,215.4481,180.9603,101.2491
231.6208,213.4663,180.4420,100.1472
234.9192,213.0741,181.5298,97.6080
233.7176,217.8846,182.0459,95.5903
232.4165,218.3682,184.1730,93.3734
229.8888,220.2448,183.6646,93.8387
228.2478,221.9315,184.0287,92.2893
226.4247,221.4654,180.8751,92.8917
225.7755,224.4831,177.9053,93.0593
211.1322,226.5492,177.0701,92.4139
212.3457,229.0116,176.1926,91.5077
213.8144,230.0763,174.6909,91.1042
214.3944,232.7665,173.0519,91.6116
221.5525,251.4222,158.8858,100.6592
227.3736,249.7145,147.5616,106.6835
232.5692,246.8184,136.9174,112.1320
237.6776,249.8116,128.2045,115.5418
240.0110,246.2635,121.3231,118.2951
242.9403,244.9644,114.8781,120.2927
245.7029,246.5175,110.0151,120.9584
247.9783,248.3669,104.5622,122.1116
248.2357,246.1155,100.3133,122.4765
250.4448,244.9978,96.9997,122.8055
250.3795,245.8474,94.4166,122.2260
249.1842,245.6239,92.2485,121.9806
251.6481,245.2445,89.9849,121.9877
252.8509,246.7092,84.7775,123.6941
253.5102,247.9348,83.5412,123.1238
254.4765,250.1310,78.9651,124.2309
254.5970,248.7690,78.2795,122.7201
254.6398,249.2307,75.0485,122.4508
256.4984,251.4914,72.2764,121.8889
256.6859,251.4014,68.9634,122.1970
259.0674,249.5817,66.8093,122.0642
258.5840,249.6545,65.2893,120.7800
259.9755,250.0341,64.2328,119.5469
260.1132,250.2113,63.1284,118.8352
260.3474,250.6292,62.0555,118.0884
259.9098,251.3359,60.3582,117.8793
260.3418,251.1623,59.2112,117.0593
268.4104,252.1405,59.5951,116.1729
266.4860,252.4173,59.2409,116.1376
265.5300,251.1564,59.1811,116.0383
266.1008,253.5599,59.3868,116.0044
265.1399,253.2714,59.4466,115.3896
263.8992,256.2710,58.8138,115.5024
264.0812,253.5750,58.0138,115.6239
263.6268,254.5742,57.6887,115.1260
242.9365,256.8549,54.0766,117.5142
237.0492,255.6979,53.2536,116.7344
239.6616,256.8789,52.7904,116.0454
241.0038,257.0264,51.7956,115.8439
241.3473,258.7034,51.0166,115.4497
241.7096,258.0997,49.7799,115.9632
242.2046,258.0087,48.7758,116.4254
240.3667,257.8239,48.9742,116.2487
239.7357,256.9251,49.6461,115.5595
239.5133,257.8457,50.1117,115.9360
249.3062,255.4488,48.3186,117.7715
249.1651,257.1471,46.8196,119.3232
249.6048,254.9675,45.4080,120.3613
250.1622,255.1671,44.2539,121.3319
251.0118,254.1701,43.3366,121.8801
251.8171,253.7262,42.7297,122.1053
252.5938,253.5920,42.3559,121.9783
253.4528,253.4707,41.6014,122.1911
254.2360,254.0786,40.9889,121.9075
254.9278,252.4404,40.3916,121.9550
255.7355,251.2313,39.2927,122.7258
256.2940,251.1357,38.4567,122.5000
256.4547,248.5833,37.9044,122.9302
257.8161,247.8933,37.3220,123.0235
2
0
0
0
0
1
77.1264,232.7563,159.3210,98.6147
76.3024,231.9637,161.1344,98.8844
74.2190,231.7274,161.8676,99.0795
71.9003,231.4510,162.0971,99.0382
71.5545,231.2617,162.0276,98.7166
68.2701,230.9903,162.5434,98.2793
65.0617,231.9298,164.4489,97.9264
59.7122,232.5384,166.4641,97.3884
58.7330,231.9967,166.9617,96.8133
58.6483,227.4421,166.9799,97.1346
52.5000,228.7901,169.8502,97.1427
47.2164,230.0296,172.9601,97.0608
44.6593,230.0058,176.4273,97.1679
40.8025,229.0554,179.6807,97.2493
35.8853,228.2010,182.4492,97.7423
33.0495,227.9430,184.8290,98.3147
30.8516,227.3476,186.9017,98.7795
28.0316,227.7611,188.1319,99.4199
26.1363,226.0171,189.0327,99.8610
24.0053,224.9053,190.9231,100.2199
20.8497,224.6961,191.7461,100.6607
17.6197,223.4943,193.7385,100.9312
14.4610,220.9206,195.2837,101.9994
13.3893,218.7133,196.0260,102.6248
14.4074,217.3042,196.7574,103.5006
14.0974,218.9009,196.0321,103.7457
15.6291,217.9446,196.7459,104.5007
14.2045,219.8831,196.9436,105.0446
13.8903,219.5676,197.3839,105.7295
12.8677,219.7880,197.1002,106.1724
12.9874,218.2613,196.8684,106.6616
14.0219,217.3012,196.5123,107.2645
13.8418,217.8446,196.7852,107.5066
13.5951,217.8446,196.5130,108.0372
12.5607,217.0734,196.7237,108.5591
12.4040,217.0747,196.3814,108.8315
12.1113,215.4137,196.1411,109.8195
11.1011,212.8145,196.1771,110.6399
8.8357,212.2517,196.3601,110.8014
4.6628,212.1608,196.8022,111.6664
3.7146,215.0550,198.5672,111.8673
4.5789,216.4550,199.9804,111.7563
3.8584,215.3803,202.0877,111.8662
3.2470,214.8009,204.0087,112.1139
0.8355,214.6311,204.0865,112.1956
2.0424,213.9496,204.1983,112.5871
0.1301,213.6069,204.0296,112.2979
-0.1055,212.7368,203.6659,112.8867
3.2896,210.1877,204.1264,112.5167
1.1087,204.4921,204.5622,113.6108
4.5408,201.1943,204.5623,115.8098
6.0993,198.9678,204.6983,117.7342
2.3926,198.8281,204.3512,120.1253
0.3023,194.2353,204.7207,121.6858
3.0195,194.3850,205.2552,123.7093
1.6160,191.3614,206.2264,125.4792
-1.6685,190.8409,205.9515,126.5268
2.4806,191.8471,206.3186,127.9721
2.0362,192.0470,206.5546,128.8445
2.2033,192.0141,206.7460,129.2803
1.0398,191.3360,207.4882,129.9915
2.5653,190.6712,208.6524,129.7221
1.0569,191.6917,208.6093,130.4706
2.3983,190.9712,208.5247,130.6047
0.6845,191.6226,208.5716,131.2399
1.0864,190.4458,209.4752,131.9483
0.0007,190.7245,209.4533,132.2679
1.0441,189.9838,209.4716,132.9731
0.3640,190.5933,209.0671,133.4472
1.2783,189.6647,209.5746,133.6421
-0.0618,189.4086,209.1817,134.2398
3.1779,186.2907,208.1746,134.4734
7.5559,185.2076,204.8520,135.7825
9.7477,183.8362,201.8847,136.0753
11.3147,185.1463,199.4365,136.3835
9.5672,185.3094,197.6135,136.5262
11.8080,184.5234,196.6991,136.7445
11.6137,185.9946,195.4306,137.0504
12.7090,184.8933,195.1170,136.8095
13.2464,184.4775,195.5734,136.9426
11.7917,183.4940,196.2063,137.3611
11.9744,183.0954,196.4356,137.8871
10.3474,183.5355,195.8434,138.0533
7.8501,183.5144,194.7797,138.2583
9.1854,183.5349,194.4288,137.8266
9.4568,183.8144,194.5551,137.7460
9.1495,183.9358,194.5055,138.1073
10.6042,182.8659,193.8889,138.3325
9.2841,183.2831,193.5987,138.6361
9.6337,183.6269,193.3906,139.2103
11.2070,184.0542,192.2358,138.8981
17.5424,185.3003,190.1872,138.5239
29.2979,198.6729,184.8010,133.9790
33.3732,209.8872,179.0715,127.4182
40.6547,215.7177,173.5679,120.9701
48.0212,220.0161,166.5495,115.9894
53.5923,220.4511,160.8693,111.9280
55.5475,221.8652,155.6995,108.3834
58.5088,222.6987,150.9843,105.5970
58.3828,224.1283,146.9061,103.3849
59.7097,225.1741,143.3192,101.7573
63.7737,224.6317,140.3430,100.6061
62.2470,226.3272,139.2394,99.9184
60.5948,226.8369,137.5125,99.3285
62.0667,225.7010,136.0052,99.2936
60.3890,225.9341,134.3004,98.7854
60.6878,225.0884,132.4396,97.8022
60.5508,224.7429,129.4917,97.0608
62.1267,225.7593,126.7400,96.3377
64.1798,225.2557,124.5493,96.0086
64.4183,225.7984,122.1348,95.4774
65.7815,225.4500,119.9848,94.8682
66.6419,225.2924,116.7983,96.6719
68.3843,225.4786,114.7115,98.2406
68.6318,224.1234,113.4875,99.4156
70.4237,223.4681,113.6410,101.2796
74.1053,223.2786,116.6451,101.6719
73.9852,221.9453,120.1556,100.9133
71.2417,223.4054,123.8641,101.1017
70.0018,222.8807,127.1241,100.7710
69.7718,221.6825,130.3305,100.1974
69.8014,222.2453,133.4504,99.4601
67.8875,222.4650,135.6440,98.6341
70.3480,222.4092,137.3786,97.3113
68.5822,224.1498,137.9663,96.7498
66.5568,226.0620,139.2514,96.7414
65.6438,226.6145,141.2213,97.0069
65.1893,227.0090,143.2059,96.9053
63.7291,228.4710,145.2250,96.8671
61.8447,228.8592,147.3976,96.5618
61.8291,228.8141,148.2022,96.9425
62.7775,229.2586,149.5249,97.3232
62.6462,229.1484,152.1749,97.5487
65.7765,230.3768,157.2075,97.9899
66.1764,230.6552,160.4530,98.5037
67.4243,230.7137,164.5782,98.7103
66.9419,229.0268,167.1058,98.3549
66.4099,229.7271,168.6834,98.3652
70.0266,230.3503,168.9642,98.6594
69.9794,230.6343,169.4603,98.8193
71.2897,230.5307,169.8372,99.6625
70.2407,229.5036,169.1762,100.9435
75.8874,230.0436,167.7555,101.2564
76.2391,229.3654,167.5889,100.5009
75.7957,229.5811,168.1385,100.3811
75.6880,230.3792,168.1631,100.0145
80.6819,230.1715,165.7461,99.6941
81.2456,230.7377,165.3059,99.0858
81.2265,230.5109,164.7536,98.5615
83.4606,230.8340,163.5881,97.8244
84.1389,231.5430,163.3808,97.7514
83.5478,231.8748,162.8635,97.6229
84.7083,231.8805,161.9076,97.6205
85.0525,232.1019,161.3134,98.0472
83.6342,231.2593,161.6241,98.4288
86.2299,231.5427,160.4597,98.1651
84.2950,229.3487,159.1749,96.8241
87.0672,229.0854,159.1857,95.9250
91.1665,228.3485,159.4702,96.0947
89.3866,231.9320,158.3679,95.7489
91.3486,231.1806,157.6815,96.1842
90.0010,231.2984,157.6633,96.8366
90.3387,230.9972,158.1518,97.0653
95.3623,230.3225,156.1595,97.0256
91.0260,231.1608,155.4074,96.7510
95.9225,233.0081,154.4320,97.8734
96.4423,230.9632,155.1653,97.1014
97.3133,232.8037,153.5702,98.1425
98.5325,231.8152,153.7760,97.4670
101.9910,232.2350,153.0059,97.4667
107.2728,230.0120,154.1447,96.1078
110.9858,228.9619,152.6253,96.7082
111.6851,230.6119,151.2379,97.1893
109.7212,230.2872,150.3217,97.9754
109.2392,228.1756,150.7124,97.6337
112.6197,229.5450,150.5369,96.1269
110.6504,231.5259,150.2418,96.8918
108.3630,229.9517,150.1292,97.8247
107.8922,230.5266,150.5386,96.8269
107.6674,233.6919,149.9375,98.5321
112.1743,233.0597,149.9477,99.2002
114.4485,232.6900,149.9367,98.7710
117.6702,234.0076,149.1911,97.6430
115.6447,234.3633,150.5415,96.0177
115.1536,235.1193,149.9607,95.0439
119.2113,237.0541,149.2412,94.0145
121.8196,237.4583,149.9089,93.0021
122.9576,239.5212,149.2188,92.3047
122.0090,241.6457,150.6615,91.8141
120.1354,241.7027,151.6948,92.2356
119.5193,241.4162,152.8095,92.3892
121.8941,241.0625,152.3434,92.2133
119.5571,242.0636,153.2034,92.4475
120.7693,242.4766,152.2349,92.3676
120.0036,242.8384,150.7799,92.8946
118.7642,240.7980,150.6182,93.1219
124.1256,242.2473,148.2425,93.3143
121.3665,240.3556,147.0691,93.1076
126.3039,239.8688,145.5921,92.4998
126.5408,240.2252,144.4442,91.8369
128.1241,239.7201,142.9505,91.4200
128.6662,238.0810,141.3850,91.4147
132.0725,237.8803,140.7521,90.8000
133.0854,238.6164,140.4203,90.7334
134.6850,237.3885,139.0856,91.3839
130.9335,235.3554,139.5953,91.9588
133.8019,235.9572,139.7952,92.0311
135.0106,235.0641,138.5603,92.4261
137.6666,233.4544,137.3890,92.1329
139.2025,233.4771,135.6656,92.8161
138.6119,232.9480,134.7537,93.3135
140.5517,231.1384,134.2514,93.8229
139.8042,231.2391,133.4045,94.2065
141.8845,229.6312,132.4301,94.3996
141.2034,229.1452,132.7370,94.0871
143.7846,228.0303,132.6462,93.3420
144.3232,228.0986,132.5856,92.6805
143.2829,228.0347,135.3050,92.1810
146.6268,226.2443,134.0506,91.7735
146.1870,226.1369,134.2377,90.7899
146.7928,227.1262,134.8614,90.0500
148.8625,227.0974,136.2602,89.6199
146.4620,227.9132,136.6434,89.1446
144.9380,230.6213,136.4142,91.1583
138.0221,229.9537,139.4169,91.8178
146.5848,232.3167,140.2797,92.9878
152.7396,233.7665,139.5995,94.4762
145.2883,229.7249,143.4326,94.4708
151.2098,230.8972,147.2612,94.0020
155.1854,230.8259,149.4082,94.8575
146.0275,228.7984,154.3846,95.5339
142.8836,226.3439,158.2282,95.5906
140.6950,226.8702,161.0211,96.3493
140.4243,226.8569,163.3773,96.5859
140.6091,227.6168,165.9390,97.1888
142.2877,229.1657,167.8204,98.3343
144.2011,227.8482,168.9758,99.8794
145.1617,227.5997,170.8343,100.9682
146.4472,227.1847,173.0366,102.3470
147.2058,227.6800,174.3013,103.9138
147.1550,226.7437,176.0733,104.7067
149.5983,227.0045,176.8172,105.1480
148.0604,227.4386,177.4964,105.9499
152.8269,220.8943,180.1884,103.9582
152.7944,221.0782,179.7745,104.9561
151.4703,217.9971,180.0243,104.6587
153.8066,215.7870,179.7466,104.1519
153.7075,215.7080,179.7485,104.2029
159.6857,215.3547,179.8393,104.1122
162.6637,215.8954,181.2410,104.4656
165.1794,216.2978,183.2448,105.2158
163.7065,223.4572,185.2980,105.8335
172.7712,217.9254,190.4958,104.3227
176.8883,220.2555,192.9192,106.2182
179.3099,222.8895,195.5200,108.8553
185.1812,221.1908,201.4256,108.7825
190.5028,220.5254,205.5718,109.1728
190.7020,219.9931,210.8238,109.4563
190.2383,216.5050,214.5617,109.3196
200.8283,215.1714,216.8691,108.4562
203.4872,213.7548,221.9205,108.0748
208.3208,211.4368,222.4665,106.9806
199.4378,210.7736,222.8537,105.6069
203.6791,209.9648,225.6625,103.7464
202.0625,210.1534,227.0224,102.0621
201.7243,210.0730,228.2680,100.7117
207.1160,210.5547,229.2221,99.6255
203.4912,211.9368,231.3930,99.8803
202.2930,211.7249,231.4998,99.9513
203.0710,209.9000,232.6163,99.6619
207.4166,211.7407,232.6683,100.2957
206.5037,209.7120,231.4027,100.0172
211.5032,211.0159,233.6223,100.8989
214.3081,210.8242,238.7718,101.6974
214.7736,208.1939,241.5905,101.1823
211.1788,210.4563,245.6322,102.6330
212.9895,209.9933,246.1183,102.9100
211.1017,208.0605,246.9947,102.7654
211.7667,209.8818,246.9898,103.5161
211.8111,206.9781,247.7192,103.5084
212.7105,208.3093,247.3743,103.7155
214.3695,206.5116,246.8811,103.4331
213.9786,209.5949,246.5193,103.6837
216.0376,207.7473,246.3495,104.2530
217.9537,208.4439,247.7208,104.4305
218.5954,208.5430,249.1917,105.4508
215.0773,207.3874,249.4644,105.8746
215.7745,205.8821,250.6597,105.6667
215.6082,207.8447,251.3168,105.4371
212.6504,205.7014,249.4400,106.1572
215.8070,206.6237,250.4504,106.1847
214.6445,206.0493,249.7582,107.0128
214.3619,205.6302,250.0107,106.8885
217.0377,205.4330,250.3544,106.9841
216.4697,205.3283,251.6862,107.9375
215.0901,204.1188,253.3142,108.8548
215.5843,204.7669,253.8665,109.8547
216.4173,203.9708,255.0339,111.0618
214.3922,203.0502,255.8050,112.0305
217.2066,202.8888,256.7051,112.9102
216.9238,202.4821,257.0233,113.8801
217.6270,202.3486,257.3809,114.6583
215.5192,202.8711,258.8702,115.8468
212.9671,203.9284,259.0043,117.5645
213.1493,204.4797,259.6639,118.8144
210.8035,204.5023,259.5611,120.3171
211.0192,202.4919,260.3362,121.1565
208.0571,201.5974,261.5961,121.4307
211.7890,200.0657,261.4495,122.0024
212.4258,199.9042,260.4279,122.6934
214.9313,199.0549,258.7904,123.5031
214.8359,199.5686,258.7754,124.0941
217.0186,199.4123,258.0161,124.8571
218.1388,198.5717,257.0357,125.1231
217.9651,197.5352,256.7178,125.3873
215.9036,196.6803,257.6702,125.3333
212.9994,196.8651,258.7367,124.8387
214.4450,197.4775,259.5388,124.9530
217.0228,198.2804,260.9070,125.4199
214.5094,197.7041,261.1970,125.5987
214.3851,198.4985,259.4066,125.7421
212.2911,199.1649,260.0804,125.8659
213.1021,199.9549,261.2794,125.5000
213.2480,200.7084,262.8450,126.8506
213.1702,199.3224,262.5321,128.7414
214.1976,197.9630,262.4595,129.9816
220.7018,199.5599,261.9692,130.3621
219.2458,196.6486,261.9058,130.6887
216.0200,197.7333,264.4464,130.5307
213.1914,198.0424,264.6496,131.2166
217.8089,195.1718,263.3964,131.3400
221.4353,196.5796,263.8673,132.4652
219.4979,190.3073,265.4624,132.3547
220.0446,191.8293,266.5299,133.0821
228.5807,188.8802,267.5229,133.2686
228.0861,192.4843,268.2699,134.1071
224.4647,193.1841,268.4899,134.9225
222.4271,192.8236,269.7342,134.4754
222.6414,194.9109,270.0550,134.6221
220.3833,197.1836,271.9514,134.3956
223.5833,192.4093,274.4769,135.0703
225.9761,193.4406,276.7343,134.5300
220.0927,190.8374,277.6344,135.3990
213.7902,188.6815,278.0322,134.3449
207.9976,180.8586,278.3313,135.4420
208.4112,178.1983,278.0804,135.5884
214.3974,176.0015,275.1050,135.8668
211.6821,173.0061,273.3048,135.9164
218.2298,174.0829,272.5210,136.0636
215.8372,173.3433,270.9825,136.2027
217.4477,172.9185,271.1655,135.4158
223.5703,173.4100,268.9795,134.8716
228.7366,174.1803,265.5736,134.7451
227.1144,174.0564,262.9805,135.1343
221.4308,173.4059,259.8581,134.5267
220.3240,172.4076,256.1139,133.4193
225.3706,173.5710,253.7074,131.7905
224.4003,172.0133,252.0887,130.4072
229.7935,176.1193,246.0275,134.9845
228.5132,175.4917,241.5234,138.3440
231.3687,178.2252,237.7698,141.7074
232.0780,179.6684,235.2340,144.2164
233.2847,179.1227,233.9158,146.1278
234.7090,178.2920,233.3145,147.1815
233.4521,174.7128,233.0606,147.8364
239.0897,175.3941,232.8358,148.6453
231.2915,172.8091,234.0839,148.1097
233.2336,175.4913,234.6946,148.7089
235.6791,174.1222,234.6325,147.8720
234.6238,175.4123,234.7744,147.3707
227.6652,176.6170,235.4486,146.7251
230.2755,177.6276,236.7370,146.9016
236.5797,177.0500,234.3306,147.5993
234.8354,175.7726,233.4368,148.3927
234.2207,175.6825,234.5424,147.0831
234.4531,176.4138,234.7450,145.5947
232.0396,175.9070,236.2416,144.3987
230.9966,176.4998,236.1446,144.2410
232.3615,176.0040,235.3932,144.9642
229.8615,177.3868,236.0150,144.7255
233.0575,176.9908,234.5132,145.7113
233.1185,176.5064,234.2262,145.8035
233.9517,175.7437,233.5226,146.6711
234.1908,174.2126,232.4309,146.4119
237.6135,174.2973,232.4987,146.4861
229.7251,173.8607,232.4553,145.4901
236.5609,177.1716,232.4561,145.5025
236.7546,177.7814,232.8741,146.5286
228.5475,177.2182,234.8081,146.0468
233.7626,179.0429,233.4141,146.4335
232.7340,177.9891,233.0433,146.3388
228.3756,178.5722,232.9367,146.0023
233.2798,181.4540,232.2772,145.7653
236.3147,181.9987,230.0399,145.8268
231.3540,179.7463,231.2350,145.7096
232.8325,180.5886,230.9042,144.7383
230.8783,180.1276,230.3144,143.5741
234.3364,181.6603,229.2688,142.8538
233.1503,181.1757,229.5242,141.7427
231.3919,181.1498,230.8267,140.3094
234.2577,181.2014,231.4214,140.4668
230.5855,179.5364,231.4195,140.3222
230.3697,180.8510,232.5485,140.1886
232.7453,182.2654,232.2870,140.0589
233.7412,179.7863,231.5932,139.8248
235.8724,180.4129,230.4025,141.2104
232.8785,178.3393,230.5565,141.7828
237.1980,178.6493,231.3227,143.5156
237.1714,178.3327,230.1806,143.8917
240.0678,177.7497,228.1792,144.6899
241.3821,177.1124,229.1029,145.4985
242.1499,174.7563,225.8227,144.1812
240.4032,176.0023,226.4117,143.7338
240.2463,174.1956,225.7926,143.3651
244.1933,174.1198,224.5047,142.5741
242.4136,174.2981,224.2487,141.9706
243.8628,174.7042,223.6798,141.2693
240.6124,174.7195,224.7854,140.8989
240.5743,176.1074,224.9341,140.7558
240.0231,176.7493,226.7802,140.7464
239.5161,177.9928,228.0337,141.5001
242.6042,177.2518,226.2026,141.6061
247.0126,176.4581,226.6720,141.1301
240.9527,175.4466,228.7043,141.2842
249.4419,181.8160,226.9696,142.5578
246.1432,186.5050,229.8219,143.2962
247.2308,188.7142,231.0083,143.9645
247.3016,190.5001,233.0972,144.8170
245.4606,189.7610,234.6989,145.4691
241.6300,189.8990,237.0204,145.2832
243.2757,189.0475,236.6084,144.8179
247.9990,190.7505,235.7266,145.3201
246.8598,188.2874,235.0661,144.4040
248.0583,188.7182,234.9463,144.2825
244.6176,188.5765,235.0677,144.7541
246.5615,189.2676,236.0903,144.3137
243.1043,190.4331,238.0992,144.5087
246.3551,189.8662,238.5338,144.1688
244.8608,192.0355,241.1294,143.0784
257.1766,199.4086,244.8361,142.0217
253.5115,200.3349,249.9432,141.3745
253.0197,202.3850,253.2241,141.8146
250.2785,200.8193,258.9560,137.6028
253.2014,201.1126,263.8482,134.9159
254.3947,203.6610,266.3174,133.8433
253.4524,202.8801,267.0688,132.6225
256.9268,201.4508,268.1158,130.3770
256.0396,203.1707,268.1247,128.9394
257.5767,205.7287,268.0344,129.6651
264.2561,181.5145,266.3790,129.0114
270.4833,192.8981,264.7736,127.4256
270.8516,203.4421,263.7823,125.8496
263.7074,205.3072,262.0496,125.0393
267.0823,206.2359,262.7281,124.3955
273.1819,205.4790,260.5787,123.0222
282.6543,205.2082,258.6075,121.8877
291.0936,205.6294,255.1897,120.9588
303.0638,206.1826,250.1022,120.3850
310.6351,204.7210,251.6638,119.1319
312.1524,201.0733,251.3760,118.1914
327.6097,200.5104,251.8616,120.0372
322.9571,198.1267,251.8234,119.5863
324.4898,196.2611,250.8910,119.3866
331.4714,196.8940,251.9765,118.7440
331.1913,197.0284,251.0264,118.2169
335.5648,194.1521,250.1665,118.0409
336.7771,192.3079,247.4101,115.8141
341.3701,191.7639,245.1320,114.7261
343.5626,192.6370,242.1302,113.0272
347.7264,193.5218,239.9141,111.5934
353.0264,194.1352,239.6564,110.7657
356.7774,195.9825,236.9737,110.6225
354.2298,193.3741,236.1977,109.9985
358.1220,193.7982,235.0540,109.9302
364.3527,196.7714,231.5348,111.0576
369.8563,203.1920,231.8065,110.8040
375.8283,206.0436,229.5272,110.9570
381.2889,207.0127,228.4219,110.9196
387.6568,206.5245,227.4564,111.1572
394.2170,211.2714,222.8688,114.1902
413.7394,214.4194,214.9577,116.9323
431.8379,234.2896,212.5786,116.8925
438.2841,234.0865,206.9461,120.4940
444.8246,232.8953,203.3643,123.1428
451.2188,228.5536,199.9255,126.5155
465.4120,173.6729,198.9481,130.6332
469.2408,160.0508,203.4648,127.1283
469.7402,164.1832,204.6909,125.3157
477.6335,166.7225,207.0249,123.6937
477.7900,166.6034,205.4849,122.8997
475.5383,168.7936,205.6448,123.4476
484.6089,171.5160,206.2677,124.0227
472.5619,158.3555,208.5859,121.9825
484.2240,161.2552,208.2813,121.3613
477.4485,165.7154,208.8812,121.0714
493.4039,168.4668,208.3015,120.9867
2
0
0
0
0
1
719.9784,228.0456,147.1468,68.6845
717.1345,227.7744,149.2212,69.0958
716.6271,227.7527,150.9346,69.8938
719.4045,225.0929,153.3602,71.1102
718.6996,224.7023,158.4469,73.1045
714.5370,224.1865,161.8117,74.1101
716.5854,223.7892,164.1229,75.3203
717.4262,224.2939,166.1795,76.4505
710.1119,224.9514,165.9971,77.5211
709.4498,223.6260,166.0851,78.1292
713.7305,222.7796,167.8124,78.6278
719.8909,222.3605,170.5224,79.2651
725.4583,222.7763,174.6474,80.1422
729.3193,222.8414,177.6502,81.2503
729.2719,223.5984,180.5112,81.8903
729.1517,223.7123,182.6968,82.8044
732.4540,223.4028,182.9461,83.5057
731.6421,222.8240,184.1104,84.3149
737.0062,221.3937,184.3164,84.8234
745.8882,219.9525,187.0781,85.9018
743.3948,220.9768,188.6467,86.2360
745.3983,221.0841,191.1568,86.8904
745.6390,220.4269,194.1218,87.5663
749.7250,220.8584,196.2440,88.5153
747.1320,219.7055,197.2879,89.0872
749.5107,219.3036,198.3273,89.2558
750.2880,218.3497,198.1322,89.7935
751.8155,218.2991,197.8271,89.9971
753.0155,218.1423,196.7774,89.7003
754.4619,217.4822,194.8944,89.7876
