1
348.0122,219.5873,234.1614,152.8420
345.6805,213.2419,237.7318,151.8752
343.7370,218.4186,238.3158,150.2773
345.2960,213.6994,240.2225,149.4563
344.6929,214.7330,240.9463,148.7867
344.3344,207.5236,242.4389,148.8817
340.5793,213.8466,243.1345,148.7918
342.8675,205.8816,244.6440,148.3042
341.8607,207.4848,244.8536,147.9716
341.0255,211.3882,243.6989,147.7918
344.5624,204.9108,244.1014,147.3450
341.4409,206.5826,242.7136,147.1310
345.3146,206.9208,242.8020,146.6754
344.2842,204.7566,243.8728,147.4786
344.1837,203.4199,244.5343,147.3521
344.8921,205.4431,244.1924,147.3193
344.4090,196.9290,244.7190,147.5438
343.0066,202.1279,244.2126,146.9606
345.1003,200.2481,244.7346,146.9075
344.3611,203.4793,244.4225,146.8836
343.0430,198.0838,244.0092,146.7828
341.9523,202.9494,242.0956,146.7946
350.8999,198.0178,243.8369,146.9970
340.0791,201.5564,241.9132,146.3999
344.1435,211.1833,241.7405,147.5759
349.5555,215.6956,241.7740,147.4483
346.3780,221.9805,242.5582,147.8262
346.8723,223.6818,243.2602,148.0585
345.0844,226.6668,242.7696,147.7090
347.1657,227.6420,242.6284,148.3533
347.7418,225.6888,243.6617,148.6328
335.9512,226.5356,242.9736,146.9098
350.9112,228.1679,242.7440,146.6394
337.7172,225.4392,242.4456,146.3375
314.7096,222.8022,243.2483,147.4074
312.2430,222.7170,243.0270,147.4061
331.4831,221.7797,243.0541,148.0727
342.1753,221.4524,244.3031,148.2118
332.5483,218.2945,244.4295,148.9716
329.5370,220.2867,244.5902,148.4828
331.5980,222.5289,244.2537,148.2108
330.1755,216.7585,244.7407,147.6877
329.2545,220.4580,243.7928,147.7961
330.1172,218.3560,244.0136,147.9919
326.4694,218.4500,242.6266,147.9803
330.9502,218.7426,242.2193,149.1850
325.5672,216.2447,242.5015,148.6949
316.2775,218.8661,241.0791,148.0799
317.9453,216.4381,243.1623,147.8751
306.3111,218.0696,242.8452,147.3536
310.5686,217.9114,244.0251,147.8840
298.6898,213.2285,242.8786,147.9465
301.1636,217.6646,242.3342,147.3788
295.0915,212.4582,242.0467,147.7034
291.7390,216.6963,241.0489,146.9352
290.2262,212.5740,242.5919,147.9627
281.4916,213.4102,242.4194,147.7719
279.0420,217.1201,241.9095,147.7596
279.3953,210.2023,241.9126,147.7996
272.1340,207.3605,241.3808,147.6983
272.2765,211.5152,241.4659,147.9370
267.6552,200.2151,241.6102,148.1832
266.2495,206.9581,241.2569,147.4299
268.6222,203.5142,242.8074,148.2563
271.3888,202.5621,242.8968,148.3890
271.3913,200.3964,243.5468,148.7523
273.3182,203.6637,241.9444,148.5029
279.4746,199.7874,243.4100,148.9771
280.0691,197.8106,244.2647,149.1396
275.4828,199.1470,242.8207,148.2954
274.0061,202.0673,241.9132,147.7563
275.2133,198.5983,243.0894,147.6744
274.0713,202.9678,243.0766,146.9241
273.8607,195.7917,243.7302,146.5615
270.9360,199.1184,242.5969,146.4561
270.3734,196.6809,242.8447,146.5758
269.5672,195.2473,243.3377,146.7526
266.0492,193.1160,242.1290,145.9910
264.6508,188.3820,242.3101,146.5387
266.5358,186.9447,243.9253,147.3740
264.1509,181.2697,242.5015,146.0532
267.2833,182.9479,242.2607,145.9088
264.1689,172.1507,241.8845,146.4552
267.8438,174.4899,243.0939,147.1346
263.7824,172.2526,242.3807,146.6795
262.9107,168.7343,241.9353,146.0110
266.8440,169.3620,241.6935,146.2156
278.1496,164.9858,240.7016,146.7231
283.6028,166.9841,240.1149,145.6716
275.9166,161.6474,237.2434,146.3086
274.9250,161.4401,236.2088,146.2866
276.1150,163.0287,236.4967,147.5020
275.3964,161.6243,236.1216,147.3996
276.7531,163.7891,232.8192,145.5568
277.4539,168.0070,231.2078,146.6242
279.2195,168.7468,227.3298,147.5881
285.2332,171.7939,225.9305,147.2117
291.3578,179.3284,223.8422,147.0943
290.2802,189.2807,224.5527,147.0269
291.8576,198.8116,223.2709,146.9955
294.3713,207.0569,221.1844,146.9892
296.5612,215.3910,220.5732,147.1886
297.4635,225.0377,221.0567,147.2303
294.4417,232.5560,219.6173,146.8289
301.9023,240.0730,218.7314,146.3026
309.7771,248.7410,217.4275,145.4909
305.7566,254.9428,217.9299,145.2567
308.9345,255.0756,218.3236,146.0810
310.2633,259.4672,219.5028,145.6399
316.8602,261.6616,220.4559,145.9232
316.5014,268.2195,220.2057,145.2909
318.7615,275.3550,220.3208,144.1009
321.2575,275.7105,222.9483,145.5054
321.2973,283.0369,222.3319,145.2731
332.4795,281.6071,226.2778,146.0628
332.3339,285.1099,226.5132,146.6902
334.9689,286.4059,227.5334,147.3200
334.6154,286.4878,227.6120,146.7920
338.0529,288.8392,229.7225,147.0487
337.3823,288.6498,232.4928,147.9110
336.3227,288.5959,235.6171,148.7996
335.4953,289.7386,236.5773,147.6848
338.0895,286.9355,237.6382,147.3789
337.6357,289.3093,238.1829,147.6043
337.4044,283.9518,241.5377,147.7011
332.1327,287.4097,242.0599,146.8687
333.1706,287.3423,242.8690,146.9064
331.6104,284.2091,244.4717,146.8385
330.5190,281.3681,246.6018,147.2187
327.1109,278.1657,246.0567,147.5706
330.7366,283.0988,246.9072,148.2514
326.5635,274.6070,245.9884,149.1143
329.3512,281.9953,247.0043,149.9935
333.0284,286.6641,246.3764,149.7945
332.1781,287.3790,245.3447,148.7014
331.8607,287.4325,243.6093,148.6242
330.5653,288.0578,242.1774,147.7670
328.7675,287.6840,240.1640,148.0720
329.3953,289.2117,238.8006,149.0300
331.5924,289.2219,238.2630,148.6526
333.1539,289.1306,238.0767,150.3515
330.1766,287.8329,237.7679,151.2411
329.7660,286.6327,237.1124,151.8987
328.4389,282.9605,236.8391,152.2233
333.7878,283.6860,238.3854,151.6897
333.9811,279.0290,239.0806,152.3366
336.1285,275.8225,229.8201,160.0970
344.2890,269.2044,221.5868,167.5666
353.0429,267.0002,216.4666,171.8362
359.2214,276.8351,213.5657,173.5591
361.0616,287.4338,210.6880,174.3100
368.6291,290.4055,207.2982,174.2620
367.0271,287.3801,204.6041,175.2058
367.3367,292.0160,203.1943,174.2619
366.2026,292.2226,202.6263,174.3630
363.0960,295.1991,201.5263,173.5064
361.0931,294.3940,200.5319,173.5481
357.7403,295.2089,199.7001,173.3221
364.8695,299.9731,200.6182,171.0179
376.2302,301.3186,200.0592,169.0565
377.4005,292.3459,196.6959,171.9182
371.8696,294.5170,196.0592,171.5748
372.5213,295.9766,195.5500,171.3495
364.7830,285.7569,195.9003,172.7227
356.5334,286.2952,196.0757,174.2952
355.9985,291.6031,195.7428,173.3245
363.1831,287.7441,195.3672,173.8445
370.8747,287.7097,196.1819,173.5092
364.0224,270.9028,195.2435,178.1280
354.7254,261.3688,196.8930,179.8988
347.2959,247.5775,198.5147,182.7091
341.6514,243.0224,199.5209,183.2359
337.5241,232.7649,200.3662,184.3814
332.7827,243.6615,200.0318,185.4159
330.0319,238.3595,200.5379,187.7832
328.8693,236.9094,200.3932,187.9267
330.8129,225.7756,201.4953,188.9976
346.8381,209.7018,202.0939,188.6203
346.3957,180.1548,201.0450,190.8126
350.5583,151.8569,201.7841,192.3682
357.0923,135.2640,202.7633,190.9747
363.1546,119.7412,202.2309,190.6477
366.6489,94.3099,203.2935,190.5820
364.3526,91.8649,202.1982,191.4744
365.1313,103.5785,201.0732,191.3577
374.8391,102.6644,202.4972,190.0711
396.2504,90.7766,201.0278,191.3101
392.7232,76.2139,199.8242,191.9140
377.8289,58.5197,198.3734,193.8626
366.8506,43.6966,197.2453,194.7220
365.0251,37.0795,195.5978,193.1362
377.5764,18.8618,194.4911,193.6024
374.8632,19.7616,193.3235,191.1417
373.1032,25.6437,192.1550,187.1906
365.8047,30.6007,190.4924,187.9252
358.7721,42.9674,189.9538,185.8776
361.6352,40.1369,189.5426,184.8636
363.8506,37.5025,188.3251,183.9919
362.3936,36.1518,186.9469,182.8400
361.1149,39.3905,184.1440,181.8625
375.2991,36.0569,182.7215,183.0747
371.1411,48.7784,182.3559,181.1380
376.0724,56.8668,182.6188,179.2839
381.6420,76.1384,183.1989,178.7956
384.5492,91.9260,182.9199,180.7001
390.3148,111.2519,182.1429,180.9513
395.2284,130.0365,180.9657,181.0659
390.2433,146.8085,180.7528,184.6897
395.1350,164.2453,181.2375,183.9758
414.8067,161.0964,181.0002,186.9216
411.2585,159.4088,181.8817,187.3431
390.0540,156.9783,181.8164,187.9157
380.1251,154.9412,181.4980,190.2661
374.2950,155.4501,180.3539,191.8485
380.4209,157.4247,181.7173,189.8216
382.4949,151.8611,180.6267,191.0624
376.7048,152.0798,180.3357,195.0452
368.8468,164.1392,180.2141,196.4876
363.6316,165.9800,179.8808,198.2545
358.3227,170.1393,179.4883,199.4684
352.6433,176.9440,179.2813,201.5574
348.5357,186.8962,178.9819,201.5144
347.6697,188.9037,179.6177,199.5672
358.3915,189.2556,180.0262,200.8899
357.5411,200.5489,180.3100,199.8337
358.2395,197.3419,180.2344,197.9597
370.7382,192.9551,180.0750,198.7936
368.3451,188.5802,179.3986,200.0794
368.7313,189.2477,179.5057,198.6785
369.7733,188.4589,179.8862,198.7741
368.5153,197.4254,179.3461,200.3654
380.5019,195.1398,179.0493,202.4068
377.3279,196.8826,178.5657,204.8587
377.2816,205.7523,178.6963,204.6244
375.0498,210.6293,178.5878,205.2580
368.5633,214.4150,178.1758,205.3307
356.5439,221.5312,176.6152,206.2066
370.5242,221.5921,176.5770,207.0975
382.0309,223.1207,176.4502,209.5443
367.0558,236.8759,175.5039,208.2423
368.6880,247.5568,176.0634,207.1114
365.0273,244.9716,174.4215,207.2150
378.6590,240.6638,174.8872,209.8064
368.1927,250.7664,172.5482,208.6848
381.6902,246.7237,172.7730,208.4697
376.1374,254.5402,169.8078,208.5703
377.0437,245.1301,169.8456,208.1701
379.0185,250.8282,169.8575,208.2705
377.6105,244.1448,169.2369,208.2592
381.7952,251.6986,168.8023,208.2857
384.7191,246.4635,168.4557,207.5140
384.6109,241.0701,168.5520,208.4597
385.5760,252.2805,167.4825,207.1497
381.7737,241.7073,166.9839,207.6309
374.5471,247.5224,163.9163,208.3130
368.9574,230.0399,163.8469,208.7301
365.6843,238.3807,161.7295,209.9086
378.8790,221.6922,160.0046,208.4974
374.3149,221.2359,158.7980,208.1309
365.9001,205.3696,156.1102,207.8611
361.6159,210.7200,154.4951,206.6231
372.1908,192.9045,153.4476,203.6228
368.4576,164.5481,153.9198,205.0353
368.1819,161.6767,154.1794,204.0500
370.6154,156.4010,154.0430,202.8433
375.4555,137.4592,146.6056,214.4518
378.9117,131.9673,141.0319,222.1725
375.9348,122.7753,144.8549,219.0643
374.5596,121.7505,146.9343,215.6805
380.1003,102.1060,141.3254,226.0163
385.7048,105.7091,136.1232,230.8965
389.4063,86.7221,132.8000,239.7219
394.6846,98.0421,130.1734,242.4944
398.5661,101.9041,128.9549,240.2363
399.6990,90.1994,127.1182,242.3520
400.8665,97.8578,126.5966,240.2139
402.6450,97.7230,125.0515,239.6638
389.8392,103.8037,123.2942,236.4324
393.4256,87.6255,122.3422,240.3377
393.4469,92.9722,121.7092,240.7303
394.4383,88.4524,121.4993,241.9968
380.6233,97.4229,120.7489,239.0625
382.2018,89.4635,120.8316,239.4586
368.1196,96.6258,119.6874,237.4031
370.3519,101.4770,120.2174,232.6800
359.1723,107.9478,118.0647,230.1927
360.8529,104.4763,117.8151,228.3293
361.2740,101.4964,116.4049,229.0522
361.0885,102.1851,115.1704,228.0112
343.4823,101.6036,114.5503,226.7791
345.5060,110.5673,114.7321,223.0694
345.4507,99.8768,113.5408,224.9751
344.9059,98.8014,112.1618,228.0558
343.4940,100.0536,111.2419,228.5443
330.1580,103.9010,110.9576,226.3384
329.9465,103.8717,110.6358,225.1461
317.1091,107.5560,109.2231,225.3317
320.0182,115.1326,110.2106,220.8101
322.8806,115.7663,110.4702,219.5176
328.4308,118.8243,109.6434,217.7217
334.6823,117.1255,108.5558,217.9495
341.1902,117.7343,107.3533,217.4269
347.5899,119.9966,106.6093,215.1733
348.2732,120.1554,106.9906,213.8998
347.3009,116.4231,106.1621,214.5302
333.4085,117.5180,105.2271,214.9696
333.6520,118.9771,105.7914,213.8918
332.8100,114.2751,105.4241,215.7936
320.6870,117.8880,104.6627,215.4275
320.4310,115.5196,105.6740,213.6759
320.2650,114.6870,105.6334,212.1226
319.6889,109.1081,105.2285,213.8899
320.4554,111.5829,104.8521,213.1628
324.8293,120.3706,104.9124,209.2601
326.0590,106.0777,104.2838,210.8096
325.8484,110.5806,104.1522,209.5546
327.7057,112.6259,104.1939,208.4083
331.9830,121.2423,103.7764,204.1357
335.7846,102.9170,101.8872,206.6628
341.3939,115.4017,101.3817,203.5493
346.5695,98.2799,99.7229,206.5279
351.3271,110.4880,99.1304,204.6540
356.7481,111.1616,97.9451,204.4922
363.7850,113.7838,96.5499,204.0824
372.0337,117.7318,95.2988,202.8182
376.1629,111.2128,94.6229,201.7776
382.9674,116.9505,93.5367,200.5475
385.6293,104.7005,93.1552,202.2406
375.9811,118.1885,91.5971,200.9121
380.0262,111.7037,91.4314,201.4639
381.3331,104.6408,91.4577,202.4724
371.6895,104.5663,90.3428,203.9200
375.3554,107.5282,91.3792,203.2354
376.0622,97.3590,92.4080,204.3739
378.3213,97.8907,92.6869,205.5067
378.5167,97.0089,93.0553,206.1774
379.2855,89.3329,93.3172,208.7276
369.4463,108.0893,93.3973,206.3634
375.9615,89.8364,93.0492,208.9595
374.7365,95.0401,94.7628,207.8859
364.1116,90.7062,93.8365,209.7110
368.0143,101.7427,95.9792,206.1969
368.0796,84.1276,97.4642,208.8317
368.7971,92.1690,98.3183,208.6531
358.4496,101.1729,98.5130,207.2053
362.7310,100.4045,99.0983,206.7402
363.6193,99.2396,100.1133,206.0051
354.2273,94.8505,99.1501,209.9504
358.8218,105.1307,100.2661,206.7058
349.2227,94.8101,99.0979,209.6793
354.1121,109.0609,100.4433,206.1687
356.2582,98.3630,99.2078,209.1488
357.7474,105.8491,100.1490,207.9937
345.9574,104.2508,100.0414,208.9357
348.0614,110.9537,100.8533,208.4717
348.8201,106.1871,100.6246,208.7438
336.4606,120.7625,100.2391,206.8110
339.9458,117.3488,100.1620,205.8481
330.4098,122.5171,99.4091,205.8268
335.7123,124.0001,99.6378,204.4956
338.4987,112.0738,97.3229,209.1970
327.9491,135.0516,97.4451,204.9660
332.0309,127.3264,96.6413,204.8268
334.4669,132.5302,95.4771,204.8313
334.1335,129.5024,94.7639,205.4763
321.6828,141.7843,94.4715,203.4343
326.2697,136.6798,94.1015,202.2297
329.7699,142.3055,93.2635,202.5258
329.9915,138.5862,92.3699,202.6641
331.4294,133.2566,90.8660,205.7500
319.0730,151.4940,91.0589,201.7952
324.8178,131.9396,89.2180,206.0583
324.7058,149.8989,88.6771,205.2421
325.5762,142.9520,88.6976,206.3694
312.7300,166.0405,89.3125,202.1758
314.6122,161.1486,88.4982,201.6660
319.4556,168.6173,87.7338,201.2404
319.9597,165.9125,87.3894,201.3503
323.8299,165.9266,86.6405,202.7681
311.4507,166.4823,86.5481,203.0014
317.4167,166.9803,87.0138,204.1853
319.8029,169.4988,86.7870,204.5957
323.6492,163.1486,86.5832,207.4026
324.0066,179.4587,86.4760,206.7573
324.7435,170.7578,87.4222,206.1259
311.6836,186.1189,87.1118,204.8577
311.0832,183.0426,87.6595,204.4295
298.8658,193.3156,87.7145,203.4796
296.2641,196.4627,87.8440,202.8429
294.7825,202.5395,88.9088,200.3217
279.4836,192.2049,88.6414,200.2737
281.2893,203.5005,89.2711,198.3907
266.1696,203.2826,88.9721,198.1243
270.9059,198.7973,88.2053,198.1685
269.7892,217.0747,88.0443,197.7311
268.0369,207.6964,88.5364,197.2594
268.5075,227.5485,88.4101,196.5648
264.1680,241.2369,88.3664,197.0583
263.5552,240.9518,88.5655,196.5871
259.6077,239.4013,88.5863,196.6600
260.2965,233.2114,89.1639,195.3014
260.5539,249.8915,88.6851,195.7415
262.2696,251.5823,88.0368,196.6976
262.4468,269.9908,87.6909,197.3592
265.1388,270.7906,86.9121,199.5161
268.0905,271.0293,86.2081,200.9426
270.0399,267.0569,85.6382,202.6335
272.9243,268.8274,85.3109,203.2924
274.2975,273.2483,85.3210,203.7544
273.8672,270.3789,85.4920,204.2526
272.4706,273.4107,84.8885,205.1967
276.4663,269.6567,83.9902,207.5318
278.6865,274.8603,83.9619,207.4025
268.5035,271.2847,82.3088,210.7793
275.4722,277.0063,82.1031,210.5553
277.5136,276.1726,82.5333,209.7842
268.1665,282.5146,82.1005,208.9170
271.8032,276.1060,81.8763,208.4128
273.8287,279.4755,82.0625,207.6592
276.9814,279.5631,81.9787,207.6285
277.7952,278.2436,81.9549,207.3776
277.0651,282.2284,81.6971,207.5641
279.9706,281.0555,81.0579,208.1695
281.5508,280.8922,80.7291,208.2873
287.0568,277.1143,80.0812,209.3571
287.0634,283.6879,80.0315,209.3627
290.3377,274.6217,80.0306,209.3012
292.1489,283.5754,80.0572,209.0771
294.5273,282.8558,80.0491,208.8422
297.7459,284.3900,80.1950,208.2469
297.8850,284.2585,80.1117,208.2231
298.8372,281.6391,80.1047,208.1210
296.4513,284.3655,80.0950,208.1126
297.3607,276.6221,79.7151,208.6572
297.0962,287.5546,79.7257,208.5664
297.2079,273.5497,79.6571,208.7429
280.8827,285.8268,79.7108,208.5018
280.0414,280.1961,79.6606,208.5298
281.2318,294.8307,79.7330,208.4115
280.5992,286.8602,79.7394,208.3893
280.8762,284.4823,79.6656,208.4824
280.0574,289.2630,79.6007,208.5744
280.8730,290.0335,79.5998,208.5563
280.9891,295.6640,79.5953,208.4946
278.1825,303.7074,79.8496,208.1211
277.9314,310.4065,80.3680,207.2620
274.2594,311.9833,80.6047,206.8973
268.2272,309.1049,80.8542,206.5229
262.0089,310.6068,81.2151,205.9691
258.3763,306.7821,81.3159,205.8023
256.8237,303.6599,81.3614,205.7292
280.4657,306.3541,81.9436,204.8167
288.5149,309.7566,82.4370,203.9640
279.5556,300.2397,83.0634,202.9430
271.6643,307.3802,84.1799,201.0168
274.0772,279.2606,83.4048,202.4517
276.8026,285.0034,83.1195,202.7290
266.9151,290.4117,83.2198,202.3056
269.7700,282.2885,82.7588,202.8334
271.5176,280.9494,82.8753,202.8139
274.0558,279.3397,82.2006,204.0748
262.1832,290.2162,82.3987,203.3626
265.9168,282.3157,82.1121,203.6986
266.9851,280.0462,81.7038,204.0733
267.8379,271.5500,81.1081,205.2959
268.3774,283.3900,80.6141,205.5640
267.6315,276.8652,80.4357,205.7711
266.3331,273.8372,79.9217,206.4372
2
0
0
0
0
1
290.3537,279.7790,30.5394,36.9708
291.7440,278.3073,30.4912,36.8714
291.8206,277.3160,30.2949,36.8204
292.7243,274.7360,30.2607,36.6502
293.0453,273.6276,30.1919,36.5387
293.4541,271.4677,30.0855,36.5132
294.9135,270.0040,30.1960,36.4160
295.2084,268.2139,30.0991,36.4388
296.8054,266.2727,30.0895,36.3311
299.4795,264.2350,30.1746,36.3491
302.2997,262.6720,30.1611,36.1149
305.0034,261.3008,29.9995,35.8967
308.3461,259.6038,29.9760,35.8534
312.8139,257.1537,29.8569,35.9553
315.7081,255.7060,29.9430,36.1441
320.3210,253.8075,29.9465,36.3641
322.1981,253.0075,29.7140,35.9571
325.7896,251.1933,29.6520,35.9452
329.4203,249.5288,29.5904,35.6980
331.9554,249.0191,29.5544,35.6689
335.2371,247.9508,29.5306,35.7312
339.6194,248.0406,29.3975,35.8200
344.2363,248.9924,29.3310,36.0978
348.3620,250.0078,29.3491,36.1348
351.1788,251.4815,29.2278,35.9710
355.8315,252.5520,29.0115,36.0566
360.6999,252.8832,28.7299,36.0180
363.2716,255.8159,28.5126,35.9304
364.6935,255.6651,28.1794,35.5161
366.9110,256.8103,27.9528,35.1212
369.4591,256.8152,27.6657,34.9828
370.6017,258.4362,27.4121,34.6745
371.0097,258.5003,27.0786,34.4639
370.4384,258.5035,26.7987,34.2976
371.9181,259.0960,26.5628,34.0363
370.7140,259.8852,26.2604,33.6469
370.7130,258.7331,26.0070,33.4991
371.4062,259.7980,25.7687,33.2572
371.7669,261.9555,25.4775,33.1980
372.9559,262.4415,25.3119,32.8255
372.8100,264.8832,25.0861,32.5905
375.5144,265.6678,25.1425,32.3291
377.3655,268.1031,24.9241,31.9615
379.6553,267.0604,24.8407,31.6990
379.6860,268.5067,24.6266,31.1864
382.2612,267.3519,24.4532,30.8933
383.4102,266.8207,24.0814,30.5240
383.9516,267.6075,23.8469,30.2060
383.0745,266.3872,23.5858,29.8031
383.3489,264.9944,23.3582,29.4679
384.5318,263.8336,22.9879,29.2611
386.0596,262.9789,22.7830,29.0295
385.0154,262.4200,22.6093,28.8813
385.0092,261.7682,22.5050,28.6315
385.6712,260.7469,22.2931,28.5040
387.4539,259.4325,22.2026,28.2293
389.3193,258.5276,22.0705,27.9384
390.1774,257.8717,21.9118,27.7915
391.3681,256.7875,21.7172,27.6008
393.7948,255.5022,21.7808,27.4767
394.9443,254.7866,21.5885,27.3340
396.9338,253.5023,21.4849,27.0986
397.5611,252.8501,21.1556,26.8445
397.3860,252.1457,20.9838,26.5445
398.4776,252.1298,20.7631,26.3967
397.8463,251.0033,20.5137,26.2416
396.6958,250.2777,20.2974,26.0441
394.8991,250.9065,20.2142,25.8820
392.0273,251.8276,20.1368,26.0387
386.7756,252.4557,20.1945,25.8198
384.2857,252.0605,19.9873,25.7578
381.5926,252.4156,19.7773,25.6886
377.0113,252.6150,19.6684,25.5123
372.3785,252.6561,19.5154,25.1672
369.7853,252.5641,19.2309,25.2253
365.8829,252.4384,18.9491,24.8384
365.4822,253.5837,18.6362,24.4272
363.6298,254.2536,18.5188,24.0648
363.4970,253.4422,18.2412,23.8584
362.1639,255.6342,18.0544,23.6521
362.2545,255.7578,17.8004,23.3994
363.0042,257.4994,17.5986,23.1013
364.2070,256.6193,17.3022,22.8490
365.0222,258.4749,17.0698,22.6216
366.2521,259.0617,16.9124,22.2594
367.6108,259.7378,16.6484,21.8815
368.4395,261.7908,16.2742,21.6247
369.8575,261.7632,16.1510,21.2417
371.7444,260.3443,15.8436,21.0625
373.4342,259.4867,15.7827,20.8162
374.7720,257.8287,15.6119,20.5209
375.5560,255.5975,15.4708,20.4091
378.2701,247.3013,15.1283,20.4309
378.8364,241.3392,14.8869,20.3560
380.7892,237.0566,14.8438,20.0509
383.0396,235.4005,14.5523,19.9598
386.9799,236.8231,14.2954,19.6913
390.8463,232.5386,14.3072,19.3714
395.2845,231.3918,14.2621,19.2338
397.2403,229.1720,14.1945,19.0475
401.1738,226.7982,14.1263,18.8769
405.4311,225.2740,13.9468,18.7826
409.2902,224.4201,13.7287,18.6170
413.4052,223.5789,13.6920,18.4721
415.7280,223.1517,13.5056,18.2793
419.6517,221.7547,13.3523,18.1929
423.3023,222.6686,13.2430,18.0723
425.2481,221.3634,13.2008,17.9948
427.2669,222.2062,13.1410,17.7949
428.4199,221.8387,13.2683,17.5477
429.2071,221.9332,13.4155,17.3948
429.1085,222.1670,13.6065,17.2986
428.7515,222.1925,13.7462,17.2159
428.2437,221.3096,13.8790,17.2964
427.9969,221.3279,13.9922,17.2829
428.0329,220.2627,14.1316,17.3181
427.8878,220.6992,14.1960,17.2773
427.6075,219.1349,14.2702,17.4389
427.6480,218.6161,14.3253,17.4292
428.0871,216.7050,14.3766,17.6496
428.2077,216.6652,14.4173,17.6479
429.2619,215.5396,14.5731,17.7693
430.5337,214.8801,14.5142,17.8589
431.9409,212.7485,14.5464,18.0588
433.5362,210.5736,14.5398,18.2761
435.6348,209.6555,14.4618,18.1960
439.3154,207.9511,14.4123,18.3682
440.8577,205.5088,14.4115,18.4739
442.9967,202.0990,14.3676,18.4197
446.9839,199.7288,14.0403,18.4486
449.4496,197.6186,13.9085,18.2886
453.5724,196.4434,13.8350,18.0791
456.7154,194.0124,13.7016,18.1534
460.4996,187.7764,13.5921,18.1225
464.3564,185.7236,13.4803,18.1027
453.5570,180.9305,14.1255,17.6004
445.3147,179.3346,14.6176,17.2876
445.9429,176.7412,14.9570,17.0113
446.7395,174.2052,15.2182,16.9711
445.7254,171.8121,15.4537,16.7114
441.7398,171.3599,15.6064,16.7663
435.0660,171.0164,15.7818,16.6999
426.7312,169.3520,15.9559,16.7212
422.0194,168.5484,16.1081,16.8862
415.4711,168.1688,16.2256,16.9067
415.2103,165.3574,16.3684,16.8700
409.2617,163.2967,16.4579,16.8482
400.1746,162.2084,16.6450,16.7783
391.2252,161.3322,16.7220,16.9521
384.0423,161.7282,16.7938,17.0195
375.6411,160.0524,16.8653,16.8218
376.0424,159.4310,16.6598,16.8489
383.2213,159.6723,16.4510,16.8796
386.9551,157.4411,16.5314,16.7460
394.6453,156.5637,17.1061,16.7729
414.6866,158.5376,16.8028,16.7179
417.1225,159.8238,16.5353,16.5761
409.9277,157.9393,16.6660,16.4506
2
0
0
0
0
1
369.2373,154.9283,17.6062,17.0059
377.4261,153.4115,17.7043,17.0129
388.1068,152.7570,17.7408,17.1376
391.9604,151.9918,17.9165,17.2055
398.1229,150.5222,18.0967,17.2815
398.1129,150.2120,17.8353,17.3858
392.6165,149.7775,17.9231,17.4230
389.0245,149.3065,17.8976,17.5446
381.3249,148.1478,17.8827,17.5418
375.3985,147.6319,17.9977,17.5778
370.0266,147.7605,18.1104,17.5865
364.9185,147.0755,17.8917,17.8021
359.5395,147.2492,17.9707,17.7080
353.7188,149.1733,18.0529,17.7457
348.1982,149.7978,18.2119,17.5710
345.1907,149.8780,18.2438,17.6293
339.9327,150.5683,18.3937,17.7428
342.2762,151.2325,18.4627,17.7319
344.0569,151.4705,18.4793,17.6290
346.4754,152.4524,18.5416,17.5176
348.3007,152.7517,18.4716,17.4526
351.1720,152.5461,18.5753,17.3181
355.8001,151.3831,18.9972,17.2090
359.7343,148.3603,18.9832,17.2974
364.0323,146.3808,19.6596,16.9696
366.9967,145.2918,20.6102,17.0629
371.9652,144.1509,21.6379,17.2439
377.5305,143.2845,22.4608,17.5189
382.8423,142.8543,23.3217,17.9313
384.7664,142.5589,23.7713,17.9037
388.9414,142.9688,23.6549,17.8488
390.7376,143.8837,24.1522,17.8068
394.9679,142.2953,24.0640,17.6969
399.3493,142.2550,24.6314,17.8474
400.7226,142.7464,24.6382,17.8954
404.8375,143.7394,24.7297,17.9296
406.6410,143.7747,25.2956,18.0598
408.1432,143.0678,25.2652,17.9967
408.5954,143.6306,24.6651,18.0654
408.0161,142.8249,24.2379,18.2327
407.2798,141.0277,23.4941,18.2266
405.6808,139.7196,23.3594,18.1444
403.5808,139.2466,22.8863,17.8655
401.5410,139.0768,22.6243,17.7148
400.1884,139.2661,22.7795,17.4346
398.9540,138.5386,22.4315,17.3091
397.9833,137.1035,22.2392,17.1073
397.8087,136.5713,21.9006,16.9967
396.6299,136.0442,21.6008,16.8154
396.2995,136.7451,21.5114,16.6242
394.7223,136.4130,20.9454,16.6877
392.8225,135.9725,20.8548,16.6986
390.6505,137.3845,20.8339,16.5294
388.0858,137.9650,20.5490,16.4730
385.9442,138.2850,20.4246,16.4679
384.5846,139.8003,20.3234,16.3080
382.3162,142.8980,20.0703,16.1293
380.4819,144.0414,20.2395,15.8899
378.8526,145.1284,19.9843,15.8552
377.3125,146.3501,19.6901,15.7889
375.5926,147.2858,19.6313,15.7249
373.0765,147.9657,19.7981,15.6881
371.0675,149.1931,19.8852,15.5611
365.1736,150.3358,19.9488,15.3914
361.2770,149.1421,19.8679,15.3530
356.8472,148.6707,19.6510,15.4373
352.9842,149.1177,19.7285,15.3296
351.4949,148.7047,19.7036,15.3102
349.6285,149.6809,19.8986,15.2357
