1
294.9165,144.9962,45.6464,148.8542
293.4706,146.9475,47.0854,148.8902
293.7125,146.2322,48.6292,149.8842
293.9581,146.5236,49.6381,151.5733
295.7785,146.0161,50.3948,152.9317
295.2474,146.6694,50.5749,153.5305
296.1123,146.3131,49.9096,152.8558
296.1030,147.6384,48.9762,151.5416
297.4050,149.8746,48.4481,150.6215
294.9724,148.4289,47.5882,149.9598
294.5594,149.2361,46.8094,149.3706
293.6364,149.7222,46.1709,148.4873
290.9029,149.1142,45.7648,148.0202
289.0036,148.7360,45.3201,147.1922
286.1544,150.5800,44.7414,145.6935
283.8752,150.8189,44.4353,144.9674
281.7471,151.2700,44.2259,144.5674
280.2086,152.4935,44.4226,144.4979
277.9008,153.8545,45.0373,143.7055
276.3921,153.6358,45.6384,144.2678
272.8840,154.3718,46.7050,143.8780
272.2059,154.5211,47.9890,142.7440
271.3212,155.5425,48.7427,142.0698
271.4526,156.7539,49.0481,141.3770
271.1349,158.5982,49.4540,140.8708
270.7730,157.5843,49.0166,140.4527
269.5571,157.9196,49.1675,140.5707
268.4469,158.3524,48.3383,140.6718
268.7822,159.4576,47.8892,141.2556
271.6324,160.6033,47.7955,140.6221
266.2182,161.4229,46.6835,140.3837
263.9229,162.9463,45.6946,140.1752
264.2313,164.3505,45.2321,139.3313
262.4897,164.8380,44.9907,138.6789
261.8046,166.2521,45.0993,137.4819
259.2384,168.9578,45.4432,134.3127
258.4723,164.4571,45.9735,135.4104
256.5336,164.8098,46.5173,136.4820
252.8128,164.5320,46.5964,136.3738
251.5204,163.8300,46.3985,136.3741
250.2237,165.1148,46.1827,135.8036
249.7248,166.0105,46.0481,134.7489
249.8193,165.1127,45.9698,135.8563
250.4784,163.3025,45.5200,136.3496
251.2116,163.2497,45.3847,137.9772
252.1914,162.8025,45.2160,139.1146
253.1608,160.7037,45.0523,140.0499
255.6398,155.9725,44.5946,142.4295
254.8309,154.3654,44.2373,144.9063
254.2475,152.0066,43.9584,147.9650
252.5500,147.5360,44.2490,151.4459
249.5115,147.5604,45.2402,152.3266
247.7863,146.0553,45.8354,153.6812
246.8931,143.4879,46.6042,154.6837
246.2468,141.5973,46.8684,156.2259
244.6891,142.2242,47.7826,156.7895
240.2428,142.3514,49.5243,155.6693
235.9068,142.9326,52.3967,155.5457
231.8864,141.7374,53.7041,155.5974
237.6515,141.5961,55.3954,155.9271
240.0757,142.3193,56.4379,156.3843
241.4983,136.9411,56.6196,157.2671
241.7462,141.2073,56.3542,155.4169
242.7231,140.6653,56.1982,153.9960
241.3171,137.2644,55.6319,153.2448
240.9256,140.2940,54.2945,151.4363
240.8831,140.0467,54.0491,150.1988
240.7680,138.2168,53.7412,149.4370
241.6557,138.4197,53.4287,148.6768
251.6399,137.5695,53.4638,148.5454
246.3851,141.3401,53.4783,148.3508
240.5244,143.2442,53.3764,147.0578
237.5033,145.1812,53.3683,145.6125
240.5526,145.8144,52.9402,144.2361
240.8239,144.7147,52.7132,144.0198
240.8141,143.3271,52.5305,144.2077
240.5206,141.0731,52.4467,145.2522
240.1574,141.0169,52.2844,145.6051
240.6074,139.6616,52.2791,146.1579
239.8988,139.0105,52.3374,146.7245
238.6530,139.0602,52.6000,146.5706
238.4306,140.2207,52.9031,145.7770
238.6741,142.7468,53.3654,144.9417
237.1605,143.0939,54.2021,144.5576
237.6039,145.5228,55.3711,143.6237
237.7649,147.5363,56.7439,141.7536
238.0253,149.7028,57.8975,139.7997
238.4909,146.5200,58.8317,138.3463
237.8210,145.3322,59.4600,138.1419
239.4478,144.6960,60.7474,139.1512
240.0925,141.8187,61.4537,139.9710
240.5635,140.1965,62.0055,141.4039
240.2646,138.5763,62.6849,142.7114
241.5923,140.0889,62.9097,143.5401
242.6159,141.5772,63.3129,144.6080
244.2944,138.7064,63.6741,145.1857
247.1580,138.3468,63.2028,146.3027
248.6409,136.2614,62.5335,148.0569
251.4981,134.4083,62.1817,149.6100
253.1120,136.1469,61.4742,150.8470
257.9951,135.9234,59.3607,150.6748
261.5709,138.5702,57.2374,150.5802
266.8080,138.6815,54.8063,151.5344
270.8369,138.1345,52.5517,154.4310
271.3110,137.6965,51.6880,158.0463
260.1809,197.4571,55.1942,152.8103
263.3268,193.5140,58.5428,148.6404
264.3688,199.9114,61.6814,145.3906
267.6794,202.5667,65.6875,142.1890
271.6503,199.3466,68.8242,141.2012
282.4491,198.4022,71.1549,141.2257
296.2279,194.1946,70.5460,143.5190
298.0844,193.8222,71.1562,143.7154
311.0916,195.8750,71.5854,142.4130
316.1540,196.2059,71.7337,141.3127
326.0655,201.3881,72.1022,138.7389
2
0
0
0
0
1
280.5616,149.7587,43.6725,103.4786
278.9388,150.1075,44.2756,105.0456
279.8589,149.9881,45.0961,105.3678
279.2864,149.1181,45.5873,105.3866
278.2969,149.3904,46.1029,106.0991
278.3893,150.4468,46.4294,107.2973
277.4645,151.1286,46.6251,109.4525
277.0501,149.8843,46.7402,110.1314
278.6256,149.8459,47.1270,111.4116
275.5203,150.5017,47.8024,113.2579
272.8015,149.9548,48.7946,115.3852
274.4756,149.2769,49.4436,117.5723
271.1634,150.0026,49.7659,119.3745
269.8788,150.9344,49.9223,120.6506
272.0665,147.9909,50.0082,120.6787
270.3881,149.3851,49.9223,121.3015
273.5331,149.3560,49.2177,121.9477
270.7265,149.7029,48.8336,121.7959
272.6782,151.8970,47.1790,123.9293
273.2783,150.5833,45.8752,124.9408
274.4160,147.7927,44.4517,125.0026
276.1041,147.5490,43.3192,124.2904
276.3627,146.4953,42.7883,124.3434
276.8468,144.3863,42.9497,125.0006
276.9689,143.8525,43.1168,125.1196
277.3367,145.7632,43.3217,125.6658
278.1429,148.2827,43.6085,126.7473
278.3956,148.3746,43.8492,128.7484
278.5771,147.8565,44.3939,129.9568
279.6617,149.8694,44.1880,129.5832
281.3224,148.6035,43.6492,128.2845
283.3470,152.7487,43.3280,126.9239
284.8634,153.3814,43.2743,127.1428
285.1363,154.0364,43.0112,126.9085
284.9998,157.1267,43.5444,125.0580
284.6712,157.5441,44.1992,123.1861
284.0572,156.7566,45.3758,121.3073
283.0916,157.8845,45.3608,120.8008
282.8021,157.0839,45.0107,120.4662
282.0391,156.7649,45.0777,120.1180
281.0638,158.1422,45.1680,120.0660
280.0030,158.6922,45.2644,118.7800
277.8895,158.3279,45.3871,118.2024
276.9892,156.3917,46.8465,116.9019
278.1351,154.3241,47.5193,115.0313
278.6971,155.0950,47.9335,113.4297
279.6456,157.2439,48.1450,111.6500
281.1994,156.4645,47.3351,110.1171
283.2143,157.4669,46.5408,109.6239
284.8228,158.5346,46.3776,107.8781
285.2103,161.1331,45.7731,105.4535
286.2676,160.8881,45.6571,103.9126
285.5713,162.1766,44.6255,103.1246
285.4359,166.8641,44.5032,102.4841
284.8255,170.8695,43.4765,104.1941
285.6981,165.6691,42.4966,104.7636
285.4233,171.6098,41.5380,106.1004
293.1207,176.1562,41.6745,106.9740
293.9888,173.0228,41.7701,107.1119
296.5449,168.6843,40.8720,107.2731
297.1350,165.3427,40.7216,106.6971
297.8985,171.3043,40.7002,106.2908
297.8957,166.3731,40.3535,106.2018
298.8240,168.2810,40.1342,105.7424
300.2133,166.7181,40.8108,106.6878
301.6491,167.0073,41.2156,107.2884
302.8690,167.1434,42.0440,108.5232
303.2875,165.0478,42.6333,109.6003
303.5161,166.8091,43.0771,110.6344
302.8001,168.1767,43.9141,111.9548
303.0583,167.7706,45.1842,112.8483
304.2534,175.5793,45.9200,114.5307
296.5366,172.5041,45.7464,117.2451
298.3616,173.0299,46.0300,118.4431
297.8519,170.3069,46.5843,121.2577
295.7910,163.8269,47.2577,122.9716
296.7418,163.5173,46.6436,123.2461
295.2318,157.3404,44.9254,124.7282
294.3167,159.6699,44.4410,124.1469
295.2766,157.1407,43.4087,126.1841
305.4760,147.8409,45.2324,129.7303
306.1793,142.0354,46.4420,135.7874
308.6004,142.1594,47.3884,141.5022
310.2574,135.5999,48.1326,147.1181
313.5732,136.1670,50.2857,152.3764
312.6347,131.8507,51.4479,157.3626
309.9022,130.7813,51.6089,160.3405
309.1911,127.3023,51.4758,162.9868
307.0591,126.5967,52.2157,164.3676
305.9593,129.7474,53.9918,163.0178
305.2972,128.3421,55.4993,163.3689
294.1514,122.1875,56.0160,162.9876
290.7718,128.8504,57.8808,160.7168
284.1437,132.0444,58.2911,159.2482
278.1688,129.6896,58.7167,159.6001
275.4579,129.5763,58.6870,159.6304
269.3557,133.0169,58.7069,159.9372
263.8118,131.4696,59.7831,160.4739
258.4673,130.0628,61.1297,159.9249
252.6595,132.8972,61.6453,159.0124
244.8856,132.4448,61.0998,157.4113
2
0
0
0
0
1
313.5997,170.5364,59.1096,138.4174
313.9925,168.3167,60.2038,140.4374
314.6505,168.7780,60.6361,141.6142
318.3539,170.3800,61.2335,142.1735
319.7119,169.6988,61.4796,142.6316
321.6973,167.0465,60.9849,143.8891
323.2795,170.0301,60.8083,144.1263
325.4157,171.4767,60.6532,144.3759
327.8065,170.4779,61.0748,144.5272
329.5507,171.9625,60.9773,143.8913
330.9487,172.1158,61.9390,143.3409
332.0149,172.8710,62.5657,142.5366
334.9224,174.5755,63.2266,141.2490
335.7738,172.9193,63.3984,141.0810
337.6826,174.0221,63.5560,142.2682
339.0291,173.9604,62.9539,143.8604
340.9329,175.9689,61.9778,145.2243
341.8276,170.6598,61.1437,147.7698
342.8796,174.5079,60.5747,148.1558
344.3248,168.0991,60.5949,150.7348
343.4206,169.1821,60.6990,150.9006
344.9099,168.6338,60.7992,151.8736
348.4495,166.2868,60.9416,153.7319
350.8045,166.9844,61.3519,154.0717
352.6095,166.9331,61.7606,154.9638
356.1804,166.3080,61.7117,156.3447
359.1590,168.4667,62.1773,157.4066
360.8764,165.3826,62.4364,160.2501
363.5919,164.4494,62.4808,162.8112
367.9792,162.7887,62.4346,164.9201
370.6713,164.8054,61.9051,166.2634
374.2057,159.8523,61.9273,168.0052
376.9981,161.8817,61.6459,169.1198
381.0978,157.9390,61.7258,170.7026
383.1334,159.5675,61.2601,170.6240
386.0283,158.4644,60.9190,170.4815
388.5802,158.8395,60.9594,167.4275
388.3010,161.1963,60.8707,164.5514
391.7907,160.7393,61.0549,163.6124
389.4904,162.0972,61.7440,162.5121
390.8569,162.0738,63.2264,163.4401
386.7648,164.4855,63.7364,164.4661
390.8555,167.6125,66.6649,163.5900
386.4647,170.0435,67.7509,163.7948
392.2737,171.7699,70.8588,163.5912
394.7234,171.7108,73.9190,162.3052
396.4783,172.8483,76.7088,161.9365
396.4063,171.9217,79.4140,161.9933
397.7791,171.3253,81.6766,162.9817
400.9625,171.0766,83.6888,163.3160
402.5341,169.5387,85.0565,164.5760
406.0523,167.5625,85.9335,165.7067
409.2856,166.2757,85.9865,166.7548
412.5135,164.8417,85.7483,166.4997
416.9472,161.7861,83.5016,166.8351
418.2914,160.7894,80.7240,166.2636
420.5114,159.0121,78.2497,164.9971
421.9518,156.4410,75.9457,163.2920
425.2965,157.3457,74.2175,161.5597
425.6872,159.6164,73.5632,162.1265
425.3045,159.4451,71.7423,163.9793
424.2601,158.2066,70.3023,164.7411
422.9055,160.3369,69.6543,165.4313
422.9705,157.7041,69.1456,165.8445
420.3139,163.0155,69.3995,167.7317
418.1912,160.2766,69.2166,169.3996
415.3959,160.6254,69.0945,170.4847
412.5290,161.8045,68.7873,170.3602
411.1032,160.1786,68.1574,171.0128
408.4074,161.2538,68.1148,170.6219
406.8717,159.3250,67.7854,171.5633
403.7036,158.4830,67.8420,171.9099
400.1371,158.4492,67.3944,170.4843
397.1022,156.1018,66.9907,169.2827
394.0261,157.0820,66.6150,168.1803
392.2812,157.1757,67.0072,166.6768
390.2454,157.5490,67.3432,166.0252
388.0697,158.4461,67.6505,165.3414
387.9078,157.7419,68.0380,164.6947
387.8175,158.7374,68.5328,164.1066
387.1318,158.7966,68.8808,163.7224
386.3282,156.7296,68.9925,163.7926
387.4823,156.8513,68.9765,163.2014
387.1245,157.7525,68.9396,163.0290
387.3912,158.0624,68.4282,162.7789
387.8868,157.3003,67.0543,163.1579
390.4588,154.6097,65.2156,164.9694
391.9653,154.7589,63.6362,165.0384
394.1257,152.8280,62.9431,165.8920
393.9741,153.5460,62.6927,166.2194
393.5408,152.9376,62.1727,166.9842
394.3853,153.3153,61.6020,168.6475
394.9376,154.7741,61.8550,169.8367
396.0881,151.8403,62.5438,169.1577
396.2363,152.6523,63.5784,170.6678
396.3708,151.2395,63.6248,172.0523
394.9955,147.1609,63.2028,173.7319
395.3463,146.6081,63.4412,175.0552
395.9343,141.4890,63.7918,177.1230
396.4591,138.7251,63.0788,178.3732
396.2893,135.7540,61.8154,179.8408
396.5381,137.4248,60.8821,180.8250
400.6992,134.7299,59.7777,181.4806
400.3649,132.8484,59.0118,182.9047
402.7632,135.8279,59.6427,185.6030
403.3358,139.3830,59.4916,185.7703
402.4834,134.9314,60.1422,185.6313
401.6929,140.9509,61.7207,184.2934
403.6356,133.9298,63.1321,185.4493
403.1216,136.5109,63.7224,185.4426
406.8678,134.6325,63.4679,184.6994
406.9630,133.2060,63.3900,185.3784
408.8925,134.4989,63.2576,184.3483
412.4162,134.9919,62.7695,183.4666
413.6110,136.5812,62.0269,183.3289
412.9881,136.6377,61.2086,181.2934
412.2468,137.7997,60.4944,179.4867
411.6789,138.2557,61.3341,177.8990
408.5687,142.3052,61.8993,174.5718
408.6461,141.1422,63.0142,172.3292
405.2921,143.6747,64.0395,170.5618
401.7028,141.9099,65.0905,170.4600
400.1656,138.0242,65.7660,171.5749
395.3704,137.1527,66.0387,172.6094
391.3254,134.8937,66.4956,173.9290
389.2300,134.1240,66.3535,175.2093
386.0130,133.8321,66.6857,176.0982
383.6227,130.8819,66.4761,177.4983
380.4729,131.6750,66.7098,178.3242
378.1526,129.5415,66.4085,179.7177
375.9015,129.5236,66.3034,180.3181
373.3900,127.5976,66.4170,180.9545
371.3767,125.8415,66.0861,181.2470
369.4386,127.3275,65.7402,181.2585
368.2433,126.1434,64.8362,181.2830
367.0501,126.0181,64.7067,180.4843
365.3624,124.1902,64.3709,180.7897
365.2380,123.0545,64.0604,180.3061
364.0694,120.8244,63.7593,180.0329
363.3121,120.1235,63.0990,178.9848
361.9536,119.0835,62.8814,177.9361
361.6565,118.0184,62.7383,177.1904
360.7618,117.2526,62.6855,176.7399
360.3026,119.8092,62.8039,176.4148
358.7950,118.9399,62.7350,176.7084
357.4366,119.5430,62.4134,176.5121
357.5871,119.1720,62.1755,175.8027
355.9736,116.5008,61.7663,175.0376
355.9135,117.8820,61.7275,173.5602
354.2808,118.8829,61.7592,171.0675
353.5809,120.8060,61.8135,170.2843
351.6682,120.2678,62.0230,169.9962
350.9611,118.1385,62.0484,168.8575
350.2060,119.6751,61.5480,169.3298
349.0723,123.6359,60.9286,170.5703
347.4027,121.4140,60.6645,171.4532
346.3224,120.2868,60.4725,171.2054
345.2025,122.4130,59.7705,171.9289
344.4268,121.7550,59.1797,172.9529
343.9238,124.6552,58.1562,176.0833
342.5922,124.4741,57.3151,178.3701
342.4414,124.8279,56.4200,179.5027
340.6795,127.6201,56.0969,180.1537
339.2092,126.6710,55.8926,179.6944
336.4224,129.2033,55.5798,179.3222
334.4647,126.3080,55.7115,178.7130
331.0951,125.4248,55.5652,176.9270
328.1592,122.8007,54.9347,175.3717
326.4021,123.1739,54.4161,173.8941
323.1625,121.4370,54.6478,173.6421
319.5201,123.2770,54.7356,174.9462
316.9912,124.7150,54.8516,176.5391
315.2215,126.8321,55.1023,178.5648
312.0860,126.5861,55.3756,179.0693
309.0017,125.5219,54.8493,180.4919
306.3478,123.5399,54.3988,181.4604
301.8651,125.9283,54.4927,180.5141
299.0414,122.9013,54.0140,180.9150
295.3565,126.5533,54.1475,180.3098
292.0146,124.4949,54.7297,179.0941
289.4165,126.4675,55.1726,177.6562
288.3235,126.0548,55.3542,175.6471
288.3227,127.2924,55.9410,174.3252
290.9547,127.8598,56.8515,173.6274
287.1793,127.5434,59.2025,170.4592
284.3261,127.5107,60.8109,167.5309
282.0475,126.7477,61.9289,165.5902
278.6785,128.1813,63.2545,163.6870
278.3880,128.1475,64.1410,163.5736
279.3527,130.1158,64.7243,163.2398
279.7103,129.8622,65.7624,162.4477
280.1505,129.7295,65.8104,162.8030
282.0615,130.9681,65.8924,163.4158
279.9124,132.9260,66.3911,164.0665
280.8233,132.2259,66.5448,164.5876
280.5947,131.7118,67.3480,165.3160
278.3976,133.1027,67.5624,166.1036
276.5186,134.2018,67.5616,167.5617
273.6281,135.5934,67.6144,168.7143
271.9167,137.8818,67.9194,170.5403
270.9776,137.8761,68.2143,171.9180
267.3334,138.3576,68.1161,172.1041
265.5680,139.7983,68.0965,172.3966
263.2257,138.0284,68.5670,171.2901
261.5252,135.4620,68.7461,168.9157
261.1329,136.2535,68.8542,168.5701
260.2426,135.7354,68.9363,167.8477
257.7350,138.2621,69.0249,164.9933
257.7520,140.8287,69.0073,162.2832
257.6645,143.8775,69.1209,159.7709
258.8772,146.5997,68.2568,158.4586
259.8845,146.7115,68.0062,157.8248
261.8693,148.0364,67.9981,157.5517
262.2095,148.4456,67.2840,158.6227
262.9917,149.6942,66.5206,161.0043
264.3462,149.5306,65.4993,162.9276
265.8847,148.3835,64.9586,164.3230
268.6503,148.3769,64.4843,166.1694
272.3542,146.6054,64.0180,167.4667
273.1094,144.6086,63.3566,169.1916
275.3975,142.8977,63.2438,170.4688
276.5278,142.6366,62.5896,170.2727
277.8788,140.3513,62.4061,170.7131
277.7342,137.9413,61.7831,169.2846
278.0242,132.9425,61.8525,169.2925
278.2213,130.1068,62.1044,167.1849
277.4867,127.3157,63.1837,164.4424
276.6649,122.8452,64.1944,161.3164
275.4082,116.5782,64.7648,158.9511
274.5639,122.6970,64.9707,160.7118
273.2254,131.6728,65.1318,161.6156
271.3613,125.8668,65.6850,162.5324
270.2113,135.4327,66.4901,163.8249
268.2206,129.8685,67.0117,166.9337
265.9390,124.8364,68.4581,167.1162
264.5580,133.7500,69.0178,166.3524
262.4084,127.1958,70.2873,164.6746
261.9748,136.5630,70.3136,164.5457
261.4385,134.7827,69.8772,164.5560
260.3115,131.6486,69.6957,164.5896
259.0356,133.5768,69.3625,164.3426
256.8803,131.3337,69.9279,165.1152
255.2168,128.1828,70.6568,165.1086
253.5403,127.0128,70.6551,164.9849
254.1628,138.4588,70.8320,167.2467
253.6585,134.9606,71.6714,166.8091
253.5969,133.4483,72.3165,167.3223
254.2076,147.2164,72.9971,167.2674
254.2922,146.1846,72.5636,167.9909
255.9889,147.6033,72.1052,168.9148
256.7568,145.3434,71.8243,169.6315
258.0838,144.5373,71.5003,171.0581
259.2329,145.7674,70.5059,171.6703
258.8309,146.0215,70.5088,172.2567
256.6968,147.9849,69.7719,173.8342
255.0471,150.1051,69.7760,174.0648
254.0308,146.1152,70.0473,174.6648
252.6729,144.0094,69.8089,174.8361
251.2838,144.2327,69.0148,175.4041
250.3550,140.7852,68.8381,176.7571
248.9868,137.5531,68.4590,178.6028
247.6728,135.5808,68.2335,179.8861
245.7348,133.1597,68.5322,180.8464
244.1089,132.0597,68.9012,180.5215
242.8619,126.7950,68.8501,180.1214
242.4936,129.0770,68.9649,177.4881
241.9213,127.4359,68.8542,175.6216
241.8563,124.0463,68.4871,175.5507
241.3480,133.4247,68.6451,173.1514
242.1244,131.2811,69.0627,171.8001
242.1474,129.4748,69.4790,169.9943
242.1845,128.6737,69.8663,167.6616
242.8282,124.7019,69.5645,166.3912
244.4383,120.7605,68.5777,166.4296
244.4537,127.2231,68.7316,168.6181
244.8349,119.5990,68.8062,168.9555
245.1589,117.2085,69.0264,170.5699
245.5137,116.3490,69.5820,172.7448
245.6434,114.3868,70.2250,175.2851
245.7496,113.7498,71.0615,177.0656
244.9990,108.9866,71.5003,179.4233
245.6669,105.2796,71.9549,180.3317
246.2220,96.7788,71.9992,182.5830
246.4070,87.5376,71.1848,183.6856
246.5068,77.9514,71.3744,184.0273
246.0240,72.1661,70.4812,184.7459
246.6534,71.1799,69.6739,183.9828
248.2579,67.4643,68.8709,182.1378
250.2969,84.7711,68.2339,180.6897
251.1874,88.4204,67.6660,179.4862
250.6831,86.2220,67.6191,177.1612
250.6747,86.7902,67.5959,176.2567
251.1720,84.6033,67.8510,176.4437
250.0840,80.3303,68.0386,175.7007
249.0836,78.3736,68.5843,176.2090
248.4158,73.0994,68.3780,176.7306
248.0267,71.0300,68.4673,174.8373
247.9825,64.6611,69.0782,171.4098
247.6626,75.9531,68.4341,171.1534
246.7991,73.1697,67.7281,169.8672
247.2866,67.3595,68.0704,166.7434
248.0764,75.3359,67.4432,165.5421
245.8840,70.0152,67.4028,165.1295
245.5291,62.3525,69.0200,162.6316
245.2829,70.5595,68.1439,162.8147
246.1600,66.0772,68.2648,161.1558
245.3862,73.1632,67.5828,160.1874
243.7135,72.8529,66.9133,160.8110
242.7754,73.6885,66.9591,159.0411
242.6806,70.4416,67.0732,158.7263
242.9382,73.0404,66.6590,157.0604
242.6073,72.7182,66.5303,156.1373
241.4893,73.9145,66.7891,155.9536
239.9250,74.2200,66.9548,155.4388
237.9945,81.2281,67.2634,154.9959
236.5259,78.9697,67.9280,154.2079
236.1389,76.4672,68.5350,153.3304
235.1426,75.9317,68.0847,152.6794
234.5694,75.7264,67.4415,152.7392
233.1117,74.4032,67.7977,152.8654
232.2164,73.2052,68.2323,153.0580
231.2429,72.2081,68.0631,153.5726
230.9730,67.6644,67.4054,155.0258
228.8020,66.5146,66.7400,154.6849
227.4595,64.4257,65.6173,155.2946
227.1660,57.8932,65.2258,156.2288
226.6718,54.1295,65.0360,157.0080
226.2441,52.2067,64.8458,157.9778
225.7306,49.1675,64.8786,158.0148
225.4859,46.5969,65.1197,158.2480
225.9880,46.4477,65.0903,158.5996
225.1530,44.9295,64.9871,158.2645
225.8807,43.1967,65.3257,157.8355
224.6335,40.9733,65.4780,158.0623
225.6559,39.8992,65.7393,158.4838
225.0744,38.4573,65.9155,157.8956
223.3157,37.8310,65.2604,157.8803
223.0922,34.7632,65.0076,159.4021
222.1604,32.5094,64.9735,160.4723
221.0499,32.8861,65.0475,162.9928
219.9401,32.1307,65.4656,164.5344
220.0226,32.9440,64.6060,165.6702
219.5331,33.3205,64.3877,166.9949
218.3356,35.3429,64.5663,166.8497
218.4054,31.6506,64.8992,167.0382
217.7197,31.7800,64.1061,166.1598
218.1161,30.6193,63.4516,166.6953
219.4739,28.8437,64.8141,166.5077
221.0216,29.5379,65.9953,166.5874
222.7351,27.1454,66.8433,168.3924
223.4058,23.9406,67.5312,169.9613
224.9608,20.9982,69.4720,169.7902
213.9451,16.3306,68.3688,169.8076
215.8812,12.8917,69.0739,169.5476
217.4529,8.8293,69.1540,170.6816
214.3039,12.8743,69.1228,170.9098
214.1935,7.4266,69.1002,170.4986
212.8121,9.1691,69.3057,170.5148
213.0529,12.2733,68.5805,169.6937
212.2890,11.6362,68.1999,170.3138
210.8090,7.7169,68.1548,171.1644
212.1944,4.9210,67.4312,170.2112
212.1366,6.7313,66.9213,171.0606
209.8797,8.5356,66.8113,169.0118
209.7408,9.2961,66.7058,167.1693
211.3500,12.5322,65.7627,164.7559
212.9733,7.4940,65.2286,159.8239
212.1951,13.6870,64.5774,157.1034
213.8593,14.6170,64.0557,152.9158
214.7420,16.8131,63.5702,150.1732
212.4331,19.9080,64.1264,150.1746
213.7800,16.8071,64.3270,149.1368
214.4709,17.7168,63.8600,149.5427
214.6126,16.7733,63.9428,149.5050
214.1088,16.1967,63.3499,149.3620
214.7072,14.2286,63.3098,150.6727
216.0701,15.8871,62.1398,151.7474
216.5653,23.1986,61.7071,152.3453
217.3504,22.1424,61.5772,150.9772
216.7068,14.7791,60.7978,151.4841
215.0952,17.8318,60.9855,151.4487
216.2889,17.4118,60.8590,151.9586
218.8590,23.7575,61.1035,152.7209
220.4559,24.5454,60.6377,152.9373
221.1595,29.6956,60.4840,155.9342
222.0356,31.8690,61.2039,157.9748
222.4944,39.8866,61.9365,159.0262
223.4072,35.8650,62.7219,158.9352
226.0893,41.9378,63.4790,158.3002
229.2407,37.3073,64.2198,157.6877
231.0024,44.8598,64.6054,154.9223
233.8828,46.8464,64.9072,152.6211
236.3992,49.0434,65.3749,150.9371
238.1521,46.5096,66.0450,148.9523
239.6544,46.1543,66.7120,147.8386
241.5479,44.2326,67.2892,148.9373
240.5599,45.4746,67.1847,147.8769
242.9764,47.8398,67.5295,146.2964
245.1737,47.7673,68.0780,145.9850
245.4935,49.2175,68.2305,146.2815
246.4919,51.7411,69.0192,146.4975
246.5165,51.7255,69.2277,146.6207
261.0641,52.6573,72.4086,145.8427
261.4761,55.2716,74.5667,146.2063
247.9517,56.0134,74.7796,146.5382
250.1638,54.3057,74.5592,147.0762
252.1365,53.2926,75.7690,148.1111
254.5860,52.5695,76.0878,148.8146
256.3837,54.0272,75.5083,149.1810
291.1640,55.9487,75.2579,146.2183
292.4071,57.6922,74.6837,143.9173
293.7162,57.3117,73.6426,143.2681
296.0256,58.7555,72.6926,142.4219
297.9995,56.4320,71.0181,142.6896
301.0154,48.3954,68.3163,144.5338
302.1368,41.3928,66.0422,147.7244
305.8794,45.2172,64.4402,148.6061
308.6469,41.9572,63.5571,148.4207
311.7176,52.5531,62.8974,146.5967
312.9763,50.6646,62.3988,144.3749
314.6678,51.8836,61.8307,141.7458
276.9367,34.7446,61.5134,144.6421
279.1823,34.5895,60.0942,147.8552
280.9383,32.5784,58.1586,150.7218
284.2951,33.3710,57.2806,153.5222
271.6626,31.6531,57.0837,155.1354
289.5136,34.5188,55.7135,156.3740
292.7586,36.3304,54.8464,156.1272
295.8167,33.2422,54.0264,157.3506
297.1297,33.5359,53.6370,157.6538
297.3365,32.5460,53.7206,157.7303
296.6013,32.6132,53.5925,158.5016
297.0958,36.0312,54.1396,157.5896
298.0025,35.5090,53.9225,157.6205
299.1685,35.7568,53.7997,157.3936
301.2718,37.5798,54.1035,156.8851
303.1414,38.3284,54.7423,156.5775
303.2896,38.0232,55.8234,156.5122
304.0595,37.1685,57.0392,156.4665
304.0965,38.4804,57.7178,156.5220
306.3662,37.3045,59.0467,157.0504
307.3547,36.9479,58.9618,156.1338
307.1157,37.3317,59.4250,155.7888
305.4714,36.6895,59.5613,155.5795
308.2073,35.8233,59.5719,156.8214
307.9022,31.5011,59.3308,157.0103
308.7469,31.0168,59.4414,157.5202
309.7973,29.3559,59.7573,157.4944
310.0111,28.1478,60.5491,156.3279
310.1031,30.8873,60.4319,154.7501
311.4117,30.4808,60.7652,154.5232
314.3016,29.5759,61.9392,155.0667
315.2744,26.4795,64.0943,158.0557
317.5120,25.5209,65.6129,160.2553
317.3883,26.0701,66.3042,162.4954
316.7178,21.8458,67.4323,164.4738
316.2392,20.7129,68.2330,166.6728
316.1941,22.3928,68.6715,168.9028
313.6075,23.0200,68.7142,169.8031
314.0699,20.1187,69.1006,171.7200
316.2422,20.6361,69.9488,173.4647
316.9195,22.8944,70.2542,174.9503
316.7328,22.9071,70.9642,176.8864
318.4647,20.2304,70.9500,178.6577
321.3696,20.5833,71.9639,178.8869
324.0513,21.8172,73.0827,178.8683
327.4170,21.9457,73.9114,177.4396
328.1087,21.1128,74.7796,175.4682
329.9130,23.7773,75.8230,174.0300
332.7387,22.9249,76.2998,172.1996
331.6248,20.6186,76.3923,171.3981
332.5143,20.8557,76.6936,171.1890
332.9891,21.4990,76.4081,171.6737
332.3475,19.3468,77.1247,171.4824
332.2206,17.1402,77.0795,172.6113
331.9398,14.2376,76.0816,174.5423
332.1765,14.9287,75.2906,175.5835
332.6866,15.5798,74.7738,176.3273
332.1485,15.8779,74.3160,177.6064
333.3520,16.5665,74.2209,177.6187
335.2492,18.1386,73.5207,176.4070
335.9520,18.2583,72.8667,175.9740
337.1280,19.6045,72.5587,175.1951
338.9849,18.2490,72.0418,175.1638
339.8090,13.9124,71.8197,176.4099
339.2673,11.7162,71.9918,177.7361
338.7133,10.3309,72.6367,177.6153
338.0384,8.6024,73.0854,176.5009
336.9680,9.0321,72.5234,174.5782
337.9460,8.1728,71.3181,171.0740
338.7198,9.5695,70.5906,168.4246
339.5662,10.0534,69.2062,165.6534
339.8786,4.3525,67.6596,165.2733
339.4676,4.7451,66.7204,165.1688
340.1647,4.1645,65.9848,163.4429
341.3125,2.9691,64.8207,162.9109
340.0087,2.1656,64.0039,162.0983
342.6950,2.0194,62.6565,163.2560
342.5939,0.7580,62.1520,163.0301
344.4620,0.7220,61.5303,163.1825
344.0469,1.0720,61.1574,162.6683
344.8004,1.6169,60.1682,163.5275
346.2123,1.3867,59.1660,163.5842
347.3922,0.7635,58.1411,164.8028
348.8497,-1.2622,57.4313,166.0105
348.4356,-1.3348,57.6547,166.5016
348.9588,-2.3406,57.3557,168.3838
349.1800,-2.2167,57.5905,169.0175
348.3893,-2.0548,57.7540,169.6227
346.7804,-1.8178,58.2618,170.2362
346.5099,0.4362,58.3438,171.1569
347.0858,-1.2370,58.7341,171.5121
346.8418,1.2231,59.4341,171.1036
347.5079,0.1087,60.0913,171.8949
347.5403,0.7066,61.4748,171.7224
348.8789,2.4037,61.6127,172.2961
350.0673,1.6346,61.9391,173.8410
350.0830,1.8758,62.7601,173.7185
351.3618,-1.6444,63.6641,174.5547
350.4123,3.3241,64.0986,173.2249
352.0550,-1.0626,64.6541,173.9757
350.9302,4.6415,65.0333,172.8787
353.8548,1.3685,65.1376,173.3265
352.3675,4.1344,66.5934,171.3939
353.1955,5.7379,67.5736,170.8587
355.6277,6.8737,67.8948,170.0791
355.8919,7.2993,68.2823,169.8900
356.2068,7.4028,68.9382,168.6904
356.7633,10.2875,68.6494,168.2974
357.0792,11.1900,68.6566,166.8477
358.0967,11.3781,68.5357,166.0595
358.1380,12.3230,68.5181,165.2633
357.7941,12.2876,69.0836,164.7862
359.2805,12.3092,69.3519,164.3270
359.5502,12.5331,70.1640,163.9220
360.5515,12.7779,70.7677,164.5325
361.4967,11.9453,71.5212,165.0848
361.6169,10.7181,71.2998,166.5141
363.1262,9.2093,71.6291,167.9768
365.6447,7.7667,71.6200,169.0711
367.2837,8.2184,71.6263,170.0005
368.7007,5.8131,71.1820,171.8163
370.5815,4.1860,70.7521,173.9689
372.4336,4.4026,69.5112,175.8804
372.9321,-2.0922,68.9842,177.4963
373.7228,0.9894,68.9740,177.1375
374.7584,2.5019,68.0069,177.9941
376.2337,2.7083,67.5053,178.0410
377.8397,1.9136,67.8233,177.6349
378.9899,1.2896,68.1779,177.4014
378.2304,0.3424,69.4869,176.6748
378.9696,-0.2114,70.3999,175.9947
379.2043,0.3407,71.2014,175.4650
380.9227,-1.3270,71.6218,175.1298
2
0
0
0
0
1
335.5757,39.4718,30.6263,126.2912
333.7372,37.2972,32.3735,126.3544
330.4948,38.0565,33.9004,125.8829
327.3208,36.3853,35.6272,127.5784
323.9274,34.4020,37.7653,129.0935
322.5395,35.7083,39.3093,130.1269
321.9346,35.0212,40.0491,130.0655
319.5636,36.7325,40.5666,128.4022
318.3767,37.2271,40.3028,126.7109
318.2423,37.5768,39.8866,125.0350
316.4883,37.1352,39.8505,124.0692
315.9026,36.5768,39.1887,122.7015
314.0642,37.9744,39.3215,121.6980
311.8743,38.7562,38.8000,120.6289
310.5210,38.7575,38.8411,120.0888
308.2278,39.6174,39.2185,120.2599
307.4022,39.0724,38.9924,119.4335
306.5990,39.8177,39.1564,119.0632
305.5908,41.0539,38.6766,118.7527
304.8937,39.9565,38.4150,119.1728
302.7181,41.0465,38.0420,119.5674
301.7900,40.0107,38.1359,119.8352
300.2723,39.5959,38.0019,120.2306
298.5753,40.0175,36.2130,121.6506
297.2010,39.0172,35.0048,123.2633
295.8898,38.4864,34.3114,125.1297
294.0854,39.9784,34.1250,126.2868
292.9265,38.2897,34.4631,127.5129
289.7271,37.8157,35.2844,128.3645
287.4894,37.6633,36.6076,128.9024
284.1776,37.8738,38.0544,129.3631
281.4933,38.3211,39.5723,130.3107
277.9443,36.9500,40.9720,130.9951
279.2849,39.5024,42.1299,131.1389
279.3259,40.2303,42.9355,131.3109
280.2161,43.1003,43.3629,130.1239
280.1144,42.2436,43.6632,130.0636
280.5954,43.4136,44.2582,129.4457
280.2605,44.4264,45.1352,129.4287
280.3547,42.8517,45.1952,130.1685
282.0339,42.5336,45.2252,130.2267
282.8839,40.9829,45.5036,131.0659
283.1028,38.1488,45.6796,133.6548
286.5972,37.5892,46.3664,135.5377
287.5077,36.7112,47.0981,137.3632
280.1681,32.8473,46.8418,138.7254
282.9700,32.6427,46.8620,139.2314
283.6983,35.6613,46.5727,140.4249
284.9290,32.9132,46.2379,142.1988
285.6418,31.2939,46.8592,143.7218
274.8772,28.9258,44.8967,142.6800
276.5537,30.7532,43.5495,141.4302
278.2704,32.4982,42.2511,141.5088
279.5549,30.3441,41.0543,141.1123
280.0857,30.1202,40.0603,142.6398
280.8930,32.2646,39.2247,142.0826
280.8252,32.7058,38.4683,141.4943
281.6367,31.5473,37.5271,141.6164
282.8318,35.1642,37.2014,140.2937
283.0999,36.5978,37.4920,138.7753
284.9194,38.3105,37.2709,137.6509
284.2355,39.5480,37.6235,135.3824
285.5260,39.2565,37.8014,133.8740
287.9891,40.6225,38.5108,131.5053
290.0338,42.9843,39.1968,128.4110
292.4096,44.3485,38.8290,126.1136
294.9668,46.6089,38.6189,124.5033
297.1557,46.4476,37.5613,123.5074
300.8213,46.8496,36.3607,123.1379
302.7554,44.8543,35.3660,122.8810
305.0263,44.7721,34.8074,122.7276
306.7596,41.7416,34.3523,124.8993
308.1100,42.2684,34.4068,126.4300
310.4210,40.4285,34.4619,126.5595
312.4595,43.9891,34.3720,127.0180
313.3274,41.9287,34.5199,128.6230
315.1434,42.9404,34.4669,129.6981
317.7120,41.6930,34.0892,129.7448
319.9278,45.2591,34.3659,128.7412
321.2760,44.1517,34.3186,128.4214
323.0966,44.5188,34.1687,127.9322
325.1751,46.0825,34.3247,128.1580
326.4067,46.6619,34.6936,127.7453
328.3056,47.9232,35.2295,127.0756
329.0474,48.1638,36.3711,125.8468
328.0070,47.6529,37.7230,125.5622
327.9965,47.8758,38.1267,126.0678
329.6160,48.4368,38.6145,124.9413
330.7563,48.1273,38.6145,124.6363
332.5816,48.9692,39.2902,123.2038
334.7642,49.6785,39.8445,121.6320
333.6765,51.9212,40.6283,119.2497
334.4798,53.9900,41.0707,117.6612
332.7163,55.9375,41.1862,116.7234
334.4337,53.5608,40.7710,117.2370
334.4363,54.7022,40.9073,117.0842
335.2801,54.0515,40.9200,117.2960
336.7220,54.7520,41.0897,117.1428
346.0660,57.4862,40.6803,116.3974
346.8913,56.9622,40.3983,115.2977
347.6495,57.1897,39.4076,114.7821
348.5226,56.6663,38.2663,114.6195
349.9197,58.3573,36.8141,114.3685
349.6970,59.4980,35.6903,112.9884
352.1908,59.4830,35.1607,112.3544
353.9302,59.8310,34.8662,110.1683
354.5716,58.3610,34.7365,109.4103
357.6264,56.3090,34.4410,110.1138
358.2394,58.7757,34.4448,109.8459
361.6604,58.9928,35.0643,110.6970
364.8520,60.0112,34.2637,110.9382
368.4959,59.8781,33.9126,110.9342
372.8785,61.2294,33.4383,110.2282
377.4218,64.2328,32.6664,107.9185
378.4539,64.2132,31.9257,107.7426
382.2613,64.4231,31.1894,107.0607
384.9733,66.3681,30.6988,105.9208
386.3533,65.9004,30.9482,105.5740
389.0156,64.3772,30.2617,105.1650
391.7184,66.6445,30.1266,104.2977
394.7928,65.9656,30.0712,104.4715
397.7967,66.4454,30.6271,104.3668
398.0758,66.2294,30.3625,104.2770
400.8371,66.5808,30.9788,103.7359
400.6422,66.6677,31.8162,103.9398
399.7428,65.5511,32.9835,102.7582
398.8200,66.8771,34.1683,101.5005
398.1722,66.2401,34.5816,101.4135
397.2196,67.4458,34.8039,101.3636
396.0299,66.4568,35.2651,101.9709
396.0600,66.9816,34.9081,102.7235
396.8985,66.8148,34.1983,103.8795
396.8676,67.7486,33.8324,104.4214
395.6215,68.7924,33.0907,104.0485
394.5890,68.2101,32.5257,103.4751
392.7153,69.5277,31.4099,104.3055
392.7143,70.6740,31.2326,104.0953
392.6388,70.5395,31.1504,103.9328
391.0254,72.7259,31.1132,104.0266
390.6971,73.6230,31.1830,104.1661
391.0323,74.8798,31.5820,104.6070
391.1220,78.5447,31.8448,105.4208
390.9925,78.5105,31.8197,105.5280
391.8890,80.8340,32.2077,105.5200
392.6621,82.3332,31.7028,105.9225
391.6640,83.9141,31.1607,106.5538
391.5683,83.3334,30.7183,108.2678
390.6643,85.8742,31.0126,108.2114
390.8804,85.0329,30.3395,109.3177
389.7702,82.4781,30.0550,110.7699
389.4355,83.4558,30.1441,111.1707
388.6006,84.5172,30.1602,112.3319
388.2283,85.9247,30.3336,112.3982
388.4658,87.8470,30.6401,112.0987
387.5404,90.9507,31.1518,111.9246
387.1274,92.4392,31.9290,112.4393
387.6131,92.0745,33.1342,112.2808
385.9008,94.1599,34.2846,110.9694
385.7232,96.4922,34.5601,109.6141
385.2545,96.8335,35.0403,109.7143
384.2563,97.2476,35.4414,110.1590
384.8555,98.7373,36.3551,109.1070
384.1590,99.6962,36.5987,108.3673
386.6450,100.3999,36.9400,107.6205
386.0620,101.3322,36.9814,107.6096
386.3608,102.5024,37.3081,107.7002
387.2325,101.6625,37.3869,108.4198
387.9467,104.3224,37.9224,107.7705
389.6717,102.9674,37.4346,107.6766
388.8572,105.5827,37.1779,106.0607
389.0684,107.3399,36.8357,104.1691
389.6273,108.5651,37.2256,102.8160
388.4230,110.1386,36.4586,102.1333
388.4739,110.6732,35.9931,101.4022
387.7299,112.8785,35.1632,100.8405
386.8597,115.2738,34.7678,100.5990
386.6272,116.9498,34.2078,100.6365
385.4395,120.1150,34.2697,100.3159
384.8367,122.0121,34.1316,99.8198
383.9573,123.8307,33.5827,100.2759
383.0156,126.3932,33.7375,99.2859
381.5740,127.5656,33.8768,99.1458
381.4615,131.5414,33.9535,99.2172
381.6444,134.0870,33.6182,98.0929
383.2189,136.9227,33.6295,96.9683
381.2011,140.4696,33.3004,96.1087
381.7851,142.0466,32.8176,95.2177
381.2103,143.7052,32.5481,94.0399
380.5214,144.8125,32.5936,93.3111
378.8092,144.9908,31.9254,93.2179
376.3175,145.4497,31.3370,93.4927
374.7012,143.6619,31.3344,94.3918
373.2527,143.8063,31.2674,94.4372
370.9667,144.1786,31.8404,93.4570
369.1894,145.9607,32.4717,93.4184
367.6522,146.5546,32.4875,93.7615
367.8310,145.4426,32.4748,95.2719
367.7806,144.3392,33.0863,95.5394
368.3058,142.9108,34.2341,95.7852
366.4157,142.6792,34.5077,96.1250
365.3652,141.6450,34.2192,96.5306
364.6101,140.3738,34.1219,96.6991
362.7443,139.9229,34.5320,96.9721
362.8208,136.4169,34.9238,98.2153
362.7320,133.5879,35.6275,100.4785
362.6680,129.1718,36.1045,102.8274
361.9336,127.8894,36.8670,104.7563
359.9681,129.7737,37.8825,106.0950
361.7449,127.4495,38.5237,107.7626
359.4206,126.9072,38.9365,108.7523
361.5477,127.0952,39.8101,109.9085
362.9801,126.2016,40.4149,111.6699
362.6071,126.9626,40.6901,112.4413
364.9305,127.2221,41.3299,113.0549
364.1853,128.2737,41.3447,113.6376
364.9986,125.6428,41.5498,114.6886
365.4472,126.8757,41.3172,116.1339
365.4229,128.5231,40.7724,118.0289
370.6125,130.5693,41.1051,118.9448
369.7355,131.9808,41.1399,119.3844
369.9984,133.4465,41.6394,120.2627
371.3795,133.3008,41.9378,121.5932
371.9557,132.6551,42.3807,122.2436
373.1509,133.1968,42.2539,123.4943
375.1645,133.7086,43.5794,123.3851
375.1295,135.0915,44.3528,123.0335
374.7227,136.2474,44.5949,122.8676
376.3049,136.4566,44.7813,123.1360
376.5020,136.1096,44.5103,123.8582
378.4629,133.9850,44.3490,125.6237
378.5679,133.0122,44.5218,125.9106
381.3865,131.4822,44.4878,127.2083
380.6405,131.2649,44.6226,127.7576
383.8296,132.0783,45.0151,127.9937
386.2708,132.9258,45.7789,128.7173
388.2318,130.5348,46.0781,129.5359
391.2273,130.1217,45.6391,129.5689
390.6958,131.5596,45.9471,129.5197
392.0699,130.5538,46.1276,130.8937
393.1691,128.9948,46.0717,132.5159
394.5596,129.4493,46.8216,134.4353
396.8351,124.9596,46.9664,135.7334
399.0788,126.7365,46.7705,137.9603
399.9609,126.2037,46.8822,139.6955
400.4479,126.5401,47.3250,141.2435
401.8630,127.8064,47.6221,142.0477
400.4449,128.2244,46.6919,143.8633
400.3859,126.5510,46.8017,145.4413
398.5654,125.2336,46.6695,146.9572
397.0919,122.7637,46.4363,148.7997
396.3048,120.5072,46.5885,150.7259
395.9765,118.6939,47.3485,153.2944
395.2464,117.2859,47.8688,155.8001
394.6685,114.4099,47.9180,157.9558
394.4198,113.9574,48.7238,159.6609
394.4720,113.0402,49.3020,161.3720
394.0291,110.7794,49.4876,164.3563
393.1193,111.0400,49.5609,166.3239
395.3822,107.0009,49.8810,168.6910
394.5464,106.6865,50.2153,169.8980
395.8435,103.4902,50.8730,171.4897
399.3015,103.2608,52.0814,172.2707
400.9674,104.8446,52.9046,172.4860
402.2266,107.1670,53.5487,172.3139
403.4978,108.8530,55.0031,170.7992
406.1942,110.6779,55.2791,169.6285
405.7442,110.6506,55.5681,168.9433
405.0208,110.8174,55.7096,168.9248
406.0873,109.2722,55.2970,168.3176
406.1664,108.7228,54.7533,168.2974
406.4648,106.1260,54.6399,169.7227
405.8163,106.5338,54.6528,171.7586
405.6598,104.5640,54.7846,174.3674
405.3448,104.8107,55.4044,176.1432
405.1924,103.7610,55.5072,178.6966
405.5101,104.3585,56.0883,180.9799
405.8426,103.0821,57.2906,182.4085
412.8689,106.0550,57.2913,182.3156
411.4644,108.3287,57.9549,181.6753
411.7335,109.3960,59.6593,181.6358
410.7397,110.3033,61.2574,179.8581
410.1171,112.5783,62.7829,178.3141
416.3443,114.0294,62.7149,177.6913
413.6485,114.6795,63.4357,176.5404
415.8151,114.0134,64.0735,177.0396
416.4605,113.4634,64.0786,177.2118
416.6434,109.8867,63.8488,177.6777
418.0803,105.0850,63.7525,177.8098
419.6310,99.1046,63.7391,178.2742
417.6359,97.7565,63.9858,177.9908
419.9013,92.1638,63.4927,178.6189
418.2896,93.5904,64.4153,177.3566
417.5596,96.7786,65.1250,176.2961
417.5006,97.8384,64.6214,177.4825
417.0304,96.9388,63.6803,179.1563
418.2741,96.7052,63.3174,179.3402
415.3267,98.7328,62.9602,180.1804
416.1548,96.5656,62.1318,181.1254
416.4391,98.0021,61.8863,182.5571
418.3264,103.6067,60.0239,184.1632
417.8779,104.2703,59.9171,182.8374
417.6808,106.3984,58.9430,181.9552
417.3499,106.9449,58.5291,181.0718
420.0118,110.5046,57.2956,182.7783
420.7589,114.3874,56.9170,181.9033
421.6764,110.2471,57.0566,180.1399
421.6166,106.7118,57.1735,178.3968
424.4421,115.1200,57.0313,177.5920
424.3638,109.5444,56.6320,177.1244
452.1325,120.3095,56.4849,176.9276
451.6324,116.1334,57.1241,177.1884
450.4349,114.2184,57.6749,178.3781
446.7484,112.5713,57.8086,178.8351
460.6289,115.3620,57.9963,179.0488
433.4709,120.7929,57.1693,177.3725
434.0252,118.0555,56.1721,175.4073
431.4694,121.4939,55.2373,174.6640
430.4686,125.6077,54.1697,174.1467
432.3344,122.0952,53.8965,172.6580
430.4947,128.8558,53.7388,171.8410
432.4897,126.2114,53.2650,170.8831
431.2284,128.0105,52.8095,170.8203
433.2971,123.7688,52.7748,170.2392
432.3623,126.4818,51.9094,171.0794
430.8954,131.1718,51.2092,170.7115
432.4234,128.5075,50.5747,168.9451
431.6380,139.0114,50.0123,166.1147
431.5356,134.7962,50.1010,163.5509
430.8990,133.6375,49.1550,162.5321
431.7079,137.6171,49.0587,159.9624
430.5107,143.5255,48.0990,155.8975
428.4814,145.2186,48.0906,153.4829
428.1814,146.2733,48.3966,151.3517
425.2802,145.7042,48.5262,151.3262
426.5569,142.1205,48.4863,153.9348
426.9417,139.2345,49.4274,155.8280
424.2558,137.7084,48.5437,158.0522
422.0431,134.7591,48.5319,161.6235
421.7070,130.7839,48.1349,162.3443
419.2052,125.3177,48.5437,165.0933
418.0804,119.7713,48.7622,167.8812
416.0139,117.1256,49.1298,169.8797
412.4943,113.9507,48.7817,171.2294
412.1799,113.0733,48.6892,171.0232
408.6711,107.5728,48.6484,173.5601
408.7195,106.1213,48.5302,174.2632
407.4561,104.3472,47.7608,175.0767
408.9373,101.6534,47.5741,175.0874
410.1009,97.4950,47.6343,176.0064
412.7026,94.5452,48.0739,176.4654
410.0113,94.4722,48.1466,174.6772
412.4851,90.3149,48.7189,174.9243
414.7220,87.4912,48.4230,175.7007
413.7770,89.6933,48.6045,174.1715
415.7750,94.2172,50.4991,171.1904
413.1088,97.3209,50.6323,167.9928
415.6208,98.2115,51.5165,164.4159
414.0847,95.6335,51.6500,164.4415
413.1094,96.1433,51.9691,162.9466
411.6000,96.4059,52.5146,161.7316
411.9104,93.0289,52.5383,162.2958
410.9021,93.9510,53.1377,161.9156
410.2911,94.9740,53.5178,160.7589
411.4498,92.7820,53.3085,159.9872
411.2928,92.4403,53.0274,159.3800
412.0369,93.4556,52.1826,158.6036
413.1106,94.6692,51.6832,158.7167
413.3557,93.0738,51.0159,157.4293
413.4420,90.2261,50.5047,157.6905
413.4329,92.0395,50.0547,157.6862
414.1923,88.0402,50.0530,158.3609
415.9532,88.2197,50.3311,159.1836
415.7155,87.1686,50.5690,160.5955
415.8898,87.6420,51.1790,161.8124
416.5793,84.0041,51.5128,163.3341
417.0294,87.1781,51.6601,162.7777
417.6373,85.4970,51.6757,163.1567
419.2483,87.9294,51.7303,162.3900
419.6608,90.3491,51.3046,162.0922
420.4109,92.7660,50.5936,160.5570
420.0296,94.4117,50.0088,160.4276
420.2912,93.5583,49.4937,159.9552
420.9750,94.8929,49.5050,158.8087
421.2532,97.9750,49.4268,158.7075
422.6891,98.5611,49.2119,158.4186
423.5442,98.0694,48.8147,158.9547
423.4998,97.5490,48.0596,160.7496
424.2112,100.3476,48.2335,160.6278
424.3564,99.2406,48.2938,161.7026
423.7800,106.0450,48.6072,160.0999
424.3065,105.1711,48.9084,160.4089
424.9247,107.5126,48.8059,161.2883
424.4716,110.0535,48.7368,162.4068
423.8931,113.9717,49.2839,161.9972
423.7153,115.7156,49.3536,163.1068
422.9815,118.3696,49.7399,162.3212
422.2011,120.2295,50.2083,162.3917
421.0660,124.3099,50.6303,161.9087
419.1940,126.4282,50.5447,160.2950
418.2099,130.6311,50.6792,159.0126
417.5860,134.2058,50.3512,157.3702
416.3019,138.2314,50.4856,156.0303
415.6358,140.4681,50.2541,155.7031
416.0549,144.5593,50.2744,154.1343
414.8351,144.6071,49.6469,154.1668
414.9909,146.0810,49.4467,152.4132
415.2280,146.4691,49.1280,151.8866
415.2220,147.8512,49.1368,150.8284
417.2845,147.1604,49.4690,151.7970
416.1120,147.8649,49.4277,151.6250
418.1359,146.7989,49.6392,151.8518
417.1981,149.1658,49.6083,152.0465
417.0115,148.4627,49.5949,151.8545
418.0740,145.5522,49.5538,152.5265
418.4341,147.9562,49.6326,152.5465
418.5241,146.9146,49.2126,152.4477
418.0065,148.0843,49.4302,152.8800
418.6848,145.0022,49.9309,154.5747
418.8573,144.4524,50.0417,157.0644
420.2131,141.7653,50.3096,158.7620
419.8110,142.3546,50.7582,158.4620
422.9653,143.1996,50.6877,157.9228
420.8669,140.6592,50.9261,159.3239
422.8423,141.0374,50.0248,159.5764
422.3725,135.3425,49.1358,160.7038
423.3764,136.7530,48.2896,161.9825
424.4561,133.8738,47.8498,163.2518
423.9920,134.0822,47.7962,163.0387
424.5542,134.1401,46.8811,162.7675
424.0075,133.2387,46.4004,162.5475
423.0695,136.4312,46.3446,161.7547
425.8667,138.5117,45.9169,159.6398
425.6464,133.7843,45.6031,162.0729
424.8049,137.0030,45.3363,161.3878
425.1582,134.9160,45.4114,161.5363
425.4391,133.0936,45.3322,161.9800
424.4437,134.3771,45.7445,162.5629
423.8146,134.5344,45.4338,163.7244
424.2801,135.4499,45.5198,164.1727
423.9176,131.6551,45.6164,165.8127
422.9110,132.1356,45.9511,166.1776
420.3305,131.0646,46.6736,167.8762
419.3843,130.8230,46.9006,167.9605
419.2936,132.2340,46.7121,168.5403
417.5766,133.8413,47.0359,168.6445
413.8471,136.5970,48.7207,167.2514
409.5797,138.8418,51.3859,165.5983
408.3790,138.3640,53.6132,165.7010
407.1837,137.8780,55.2344,166.0203
405.3842,139.8129,56.3935,166.5483
406.3303,135.8841,56.8151,168.1842
406.5373,136.1627,56.9967,169.0828
406.0818,134.4996,56.9923,170.4114
406.3681,131.5262,57.0694,172.5053
405.7442,127.0037,57.2383,175.6471
404.8741,122.9203,57.6129,178.9417
403.7418,119.4279,58.9158,182.7757
402.6311,116.3645,60.9135,185.1766
402.2893,113.5033,62.6028,188.5853
402.0403,111.2577,64.0481,192.6374
399.8665,108.7443,65.4497,196.1617
400.9547,106.6929,66.2739,198.7680
400.2012,100.9379,66.9826,200.6656
401.3848,96.1109,68.3066,204.8652
403.7721,88.2845,69.7601,209.1868
403.0875,83.6256,72.1865,213.8380
400.9071,89.5197,73.2613,217.0635
402.9453,82.7308,75.4868,220.6568
399.9148,83.8120,76.8275,222.9700
401.1371,83.8529,77.4984,222.6298
400.5251,82.1955,77.8800,223.6677
400.7242,80.0020,78.8368,225.5674
397.6144,72.1341,81.4139,231.9007
396.5030,71.0629,83.4545,234.3603
395.0948,69.8967,84.4122,234.0278
392.6642,70.5891,85.2697,232.7207
391.3884,73.7939,85.2838,229.8617
389.8455,75.5635,85.0843,225.5082
387.9300,80.5278,85.2845,221.4468
388.8694,85.4531,84.1071,218.6741
388.5427,90.7905,82.9719,212.9874
387.8813,91.1329,81.2057,211.6317
388.2372,93.9553,79.4191,208.8868
389.1055,98.3150,77.1731,203.7597
389.2819,100.4979,74.8161,198.4034
377.9207,99.8644,75.6825,196.8212
383.0859,100.4618,75.5679,194.9275
387.1985,104.2893,73.8273,191.1169
387.4269,108.8061,71.4251,188.2164
389.0877,111.2473,69.4147,185.1499
391.3402,111.9960,66.6185,184.8478
394.5248,116.7649,65.2000,183.4471
396.3187,122.4124,63.1940,180.1048
397.1688,123.5803,63.2061,178.5410
396.6719,120.0458,63.1894,178.8566
395.8774,122.9892,62.5415,176.4029
395.9885,120.9818,61.4530,173.5140
400.4530,120.8490,60.4239,170.9329
398.0951,118.5975,58.5820,171.0888
397.9256,122.4949,56.9756,169.2120
397.1339,120.4925,56.8576,168.6980
394.8944,124.0175,56.9852,167.0846
393.2695,121.1730,57.0746,168.3023
391.5451,118.9724,57.4701,168.9588
391.5120,115.7567,58.1965,171.1115
390.9102,116.7623,58.5229,170.8663
389.4394,116.3373,58.1291,171.4414
387.8060,114.7264,58.8230,172.0196
384.9133,113.1576,59.5787,173.7734
383.1537,112.7193,62.4535,173.6686
384.0386,114.9218,63.5327,173.1184
377.8930,115.2347,66.0468,171.9553
375.7281,116.8201,68.2871,170.3984
371.6895,115.7514,69.7294,169.9570
367.2993,117.6778,70.9490,168.6031
366.9173,114.6662,70.8489,168.9304
365.9232,113.8057,69.1593,169.9258
363.6178,116.9013,68.0080,168.0732
362.5697,117.3388,65.9293,165.6347
358.7171,116.7405,63.8751,163.7607
356.3669,117.3181,62.4947,163.6810
355.1225,114.5440,61.2665,163.9832
354.3407,113.6064,60.5154,163.9291
354.8469,115.6135,59.7076,162.7200
354.4459,116.6025,58.9355,161.4719
355.1891,115.9166,58.1958,160.7904
355.9110,120.0039,57.7793,161.2062
355.6504,120.4422,57.4541,160.3276
358.0422,123.9477,58.1955,160.2470
363.3129,124.1092,56.9816,160.2850
364.4546,128.2726,56.3354,159.9904
369.9406,128.9941,55.4682,159.1555
371.9755,131.9985,55.2361,158.7316
374.0153,132.7110,54.9778,158.3472
376.2328,136.0694,54.8982,157.4225
378.6700,135.9643,54.6021,155.6622
378.7183,136.4741,54.2699,156.3523
379.5255,142.3473,54.1380,155.7920
380.8848,143.7617,53.4103,154.6236
379.2160,146.2205,52.9414,154.4506
381.3707,149.3641,52.0350,153.6867
379.7986,149.1566,52.0579,154.4429
379.8778,152.3954,52.5394,154.5511
378.8744,152.5040,52.9246,153.7738
378.5177,151.4145,53.1672,153.4378
378.7147,154.9279,54.8821,153.2083
381.6816,154.0441,55.1809,150.6568
381.8344,156.7542,55.6319,152.1874
385.2822,158.3338,55.5958,150.5655
387.8482,159.9730,55.2883,150.9324
389.8888,163.0089,55.1140,150.4707
389.0509,164.1565,55.1284,150.4457
390.9903,167.3229,54.9229,148.8720
391.3465,170.0815,55.0983,148.2721
393.1295,174.1899,54.6976,146.8569
395.5901,180.9306,54.8884,143.3873
396.3085,181.3509,54.4012,139.8480
396.3161,184.7904,54.3521,137.8391
394.5148,185.7678,54.9727,136.5284
395.0137,184.5793,55.1014,136.7012
393.8348,184.4335,55.2559,137.4430
394.3020,183.5976,56.0508,137.3865
392.1814,183.3960,56.3310,137.8743
392.6206,183.5183,56.0367,138.0217
392.8563,182.3116,55.9699,138.7030
392.9044,184.0828,55.9955,137.7909
393.6659,184.9143,55.9263,137.1903
390.1404,182.8940,56.2731,138.3481
390.2275,181.2245,56.3670,138.3732
389.9471,180.9983,55.5118,137.9647
388.7210,180.8618,55.0376,137.4662
386.8955,180.0962,54.8414,138.0835
385.3418,179.4149,54.5625,138.7277
382.6839,178.1811,55.4809,139.4676
380.0412,180.2381,57.3386,137.9209
378.6358,181.6399,58.2107,136.4746
377.5803,179.2664,58.9511,135.9783
376.4458,177.2793,59.3039,135.5842
375.4289,173.1470,59.2243,135.4861
375.9049,170.8914,58.4401,134.4985
374.8286,168.7621,58.2669,133.8662
375.6652,165.3336,57.8802,133.4001
374.0860,161.7420,57.4740,133.0218
374.1750,160.7122,56.6947,131.2975
372.9385,159.1758,56.2996,130.4598
372.7061,156.1656,55.1274,130.5363
375.3539,154.8134,53.8087,130.6105
373.0233,150.1014,53.2796,132.1739
374.6884,147.0254,52.4322,133.2153
371.2757,146.4479,52.5617,133.0648
372.7631,143.7813,53.0859,131.8215
372.5125,142.7428,53.4017,130.8642
374.1656,141.5458,52.7711,131.0198
376.6721,140.3588,51.9703,129.8293
378.4994,141.3229,49.6989,128.9293
382.9590,140.1514,47.2653,128.0194
386.2434,138.1687,44.3297,127.9555
393.8812,142.7404,43.1358,128.1782
382.2988,137.3189,43.2961,128.0210
378.4974,128.5373,43.4723,128.1714
380.6386,122.9110,43.9112,128.5351
385.5179,120.8343,43.9208,128.5411
390.3907,114.3777,43.9253,128.5418
373.5107,133.9945,43.7703,128.4052
375.2787,133.6518,43.4132,128.5998
375.8380,130.7984,43.2601,127.5944
375.6737,131.3377,43.4854,125.3529
377.0208,126.6727,44.0452,122.4958
378.3328,126.5381,44.7524,120.9348
379.6765,127.7006,45.3379,120.0273
376.7934,129.9134,46.6165,120.3643
375.2677,131.6631,47.2105,121.3466
375.9244,134.4172,46.9245,121.6248
373.3006,135.7229,46.8418,121.8335
371.3520,135.3233,46.9680,122.3129
369.7389,134.8200,46.8007,123.6005
367.6545,133.5185,47.0544,124.3416
366.9322,132.9952,47.2765,124.6518
363.8842,132.2952,47.7004,124.8864
362.8658,132.4195,48.1628,123.8773
361.9298,132.0636,48.8954,123.5489
359.6002,133.7026,49.1251,124.2414
359.2491,132.8382,49.8626,125.1834
357.0146,133.4626,50.4136,125.5207
355.8583,133.2984,51.0053,126.8693
355.6953,134.1319,51.5759,128.2173
355.6245,135.8267,51.6707,129.3301
353.5629,136.3038,51.9563,130.9472
353.9587,138.2592,52.5556,132.6098
354.0301,137.4661,53.3694,134.0040
352.2945,140.5000,53.6682,134.9344
351.2147,141.6468,55.1005,134.9088
350.9824,142.8244,55.5990,134.7840
349.5764,144.4892,55.7051,133.9140
351.7213,145.8303,55.8041,133.6436
348.9669,144.4080,55.6670,133.1143
351.1431,151.2144,55.1973,132.4442
349.4662,150.4701,54.6916,131.9070
349.8959,154.4814,54.5355,130.8467
349.9164,155.3161,53.9382,130.6636
350.3755,156.2839,53.5102,130.2619
349.3409,157.8691,53.4113,129.9489
349.1292,158.9781,53.2949,129.4454
349.5420,159.7559,53.1376,128.9344
348.0976,160.2915,52.8677,128.8415
348.5320,161.9925,52.6586,128.5700
346.7778,162.5424,52.4091,128.2009
348.0952,162.4659,51.6967,128.3058
346.7949,164.0599,51.4279,127.9303
346.6557,164.8199,50.8581,127.6324
345.4698,166.3396,50.3079,128.2147
345.6395,167.0842,49.5756,128.1992
345.2530,166.0851,49.2870,127.5475
344.3194,166.1343,48.8865,127.6299
343.1114,166.1131,48.7073,128.1929
342.9830,166.5361,48.4032,128.4148
342.5593,167.3929,48.4309,128.8710
341.7990,168.3175,48.3484,128.8911
339.9529,170.3049,48.3967,128.7388
338.2730,170.5688,48.4924,129.1630
335.7328,172.4174,48.6338,128.6975
334.5258,173.5299,49.1981,128.1932
332.0712,173.2564,49.2573,126.9586
331.0763,174.4522,49.5593,126.7592
328.3351,174.5648,49.5617,126.7679
327.2543,176.2246,49.7298,126.4634
325.9286,176.5570,49.5044,126.5052
324.1924,178.7011,49.3679,125.6682
324.0698,179.4916,49.6219,125.0281
321.7989,180.7444,49.5390,124.8522
319.9695,182.1217,49.3461,124.6635
319.1701,183.5629,49.5426,124.1303
317.0793,183.6189,49.4240,124.6514
315.3931,184.2292,49.5588,124.7086
311.7706,183.9617,49.8157,125.2365
310.1340,185.2385,49.6830,125.1464
307.5783,185.9438,49.5251,125.1023
304.5956,188.3743,49.5709,125.1305
302.8390,188.4031,49.9112,125.2538
300.4395,187.1211,49.5655,125.4084
297.7192,186.1410,49.4273,125.3161
295.6546,185.1612,49.2034,125.3216
292.1500,185.9528,48.9860,125.6218
290.3915,185.5790,49.0726,125.6691
287.3550,187.7220,49.0322,125.4689
285.2612,187.2842,48.7803,125.3808
283.2553,186.7023,48.6705,125.3988
280.6945,186.8343,48.5437,125.5023
278.9319,186.3827,48.5519,125.4870
275.6594,186.6003,48.4244,124.4899
274.0501,187.9801,48.2286,123.4401
272.4735,187.6444,47.7476,122.3547
269.9133,189.8863,47.3318,121.1557
266.9547,192.3548,47.1509,119.9679
263.7672,192.4219,46.7422,119.1771
261.7568,192.2388,46.8365,118.7432
257.7349,193.5056,46.7097,118.7063
255.8448,194.4055,47.0522,118.0414
252.2553,195.1496,47.0035,117.6851
250.2181,196.4052,46.9426,117.4379
247.0194,196.1614,47.0639,117.7102
244.0205,196.1615,47.2923,117.8311
242.5930,197.5804,47.4728,118.0084
240.1335,196.8470,47.8570,118.5417
236.1508,198.2149,48.1103,118.3257
233.5178,198.5308,48.5839,118.2208
230.1928,197.9294,49.0276,118.4839
228.3725,197.4761,49.3726,119.0159
226.0844,197.5098,49.4497,119.3128
226.0853,196.6505,49.3729,119.3423
