1
665.9745,683.8193,40.0027,25.6154
667.6175,682.9902,38.6688,27.3808
671.3410,682.8318,38.4402,28.7254
2
0
0
0
0
1
680.6459,613.2498,47.9207,13.4533
682.7746,603.7698,47.8358,14.2672
682.1724,594.1536,47.8217,15.1412
683.6337,585.5485,49.0321,15.4325
697.3220,573.5582,48.8251,16.3397
701.7921,563.1246,47.2525,17.9911
686.4746,571.7897,45.8987,19.4120
691.2031,568.3712,45.1533,20.3548
694.8587,567.7150,44.4407,21.3448
2
0
0
0
0
1
734.0802,506.1867,20.9501,21.5696
738.2169,503.0074,21.5785,21.4719
741.9800,497.9410,22.4445,20.7071
745.8770,495.8312,23.4795,20.0075
750.0035,491.0186,24.9543,19.2314
755.3306,487.7458,25.6361,18.9450
760.3492,486.2806,25.9345,19.3008
767.4532,484.3336,25.8005,20.3515
774.6179,479.5364,24.8323,22.0039
781.8162,473.6886,23.0641,23.9568
792.4043,467.0302,21.3364,26.0788
802.1660,446.1746,19.2728,28.5550
809.5323,445.0667,17.6363,30.6688
813.9382,439.7839,16.2560,31.3419
817.6206,434.7614,15.8561,30.7567
821.1833,427.1557,16.3614,29.4932
824.5355,421.0903,17.0659,28.3317
824.8677,412.3162,16.8126,28.0673
828.0507,408.5738,16.3519,27.9694
830.4116,404.8081,16.0821,27.7982
832.7116,403.9232,16.0055,27.3713
835.1818,400.0142,15.9166,27.1438
837.2955,398.7793,17.3363,25.6256
838.6653,397.4020,17.2140,25.2886
842.3570,397.9996,16.6947,25.3324
847.2336,398.9685,16.1901,25.4129
851.8906,397.9525,15.7199,25.3628
858.8321,399.6769,15.2151,25.5370
865.0470,401.1899,15.2406,25.4692
868.3732,402.1958,14.8885,25.6939
871.3989,403.7206,14.8413,25.6888
874.1652,404.2939,14.8586,25.4342
874.2465,405.8270,14.8523,25.2413
864.4939,403.3227,16.2969,23.9210
869.4017,398.4349,17.3628,23.1680
2
0
0
0
0
1
842.1111,461.7467,18.7809,19.8704
834.8896,465.8268,19.1511,19.4800
831.3465,468.0114,18.9180,19.3969
824.8955,471.7873,18.8133,19.1383
818.0443,475.0624,18.7211,19.0488
812.5274,477.4195,19.0041,18.6637
807.0978,477.3402,19.1653,18.4726
799.1191,479.4740,19.1738,18.1779
791.8806,480.9566,19.2689,17.7636
783.9180,480.2690,19.5733,17.5304
776.8314,479.4564,19.5983,17.3576
768.0228,479.6636,19.7424,17.0960
761.1161,478.9963,20.1948,16.9213
753.8499,477.9761,20.2757,16.9309
749.3443,476.4154,19.8837,17.1782
740.6511,474.7026,19.7475,17.1887
734.4701,471.0363,19.5036,16.9530
725.7477,468.3112,19.3927,16.7254
721.5444,464.9691,19.0044,16.7715
715.0868,462.1088,19.0816,16.5411
707.6221,458.8776,18.9392,16.5367
701.9719,457.2409,18.7127,16.6759
694.6934,454.1419,18.6945,16.6396
687.9229,451.5240,18.5700,16.7162
686.1338,448.1617,18.5784,16.7292
679.1919,444.1233,18.4671,16.7404
675.6455,441.9179,18.9748,16.3770
669.2137,437.2352,19.8735,15.6405
665.0603,433.6104,20.6257,15.0476
659.9513,430.8912,20.2108,15.1868
656.3096,426.5316,19.8877,15.1416
653.6997,423.9548,19.6005,15.0877
650.8544,421.5397,19.3393,14.8722
647.7856,419.1544,18.7992,14.9987
645.7708,417.0343,18.2985,15.1184
643.8556,413.3768,17.9775,15.0455
640.7310,410.5333,17.5747,15.0547
638.7937,407.0839,17.2058,15.0956
637.4156,405.4347,16.9432,14.9714
635.3259,401.9098,16.7633,14.8192
633.8915,400.1945,16.5528,14.6516
633.4662,396.4507,16.4831,14.3278
633.5417,393.3196,16.4030,14.1726
633.4046,391.4667,16.2071,13.9797
633.5795,388.1160,16.1529,13.7276
633.7172,386.3846,16.0447,13.5031
634.4355,384.7967,15.9402,13.3167
