1
537.1544,202.8156,23.0253,21.2561
534.2034,209.2098,23.7563,21.0245
531.0384,216.0551,24.4624,21.0027
529.6177,222.7141,24.9742,21.0449
526.4954,229.6538,25.2671,21.1086
526.0783,236.5743,25.4146,21.4747
525.8652,243.1252,25.5400,21.4978
527.1378,249.1424,25.5956,21.7134
528.0584,252.2495,25.4666,21.6215
531.6592,254.8226,25.0556,21.1210
536.9789,256.8461,24.3091,20.6913
544.5695,258.7544,23.5689,20.3339
553.4214,261.8404,22.8907,19.7002
561.7311,264.9236,22.2631,19.0812
574.2644,268.1550,21.5939,18.4986
584.4887,269.0421,21.0462,17.9329
596.0867,269.8287,20.5430,17.2986
607.8724,272.7658,20.0909,16.8031
617.1727,275.0728,19.8619,16.2716
625.7566,276.9464,19.6930,15.9129
634.7995,280.5650,19.7902,15.3627
641.8292,282.7474,20.0670,14.9382
648.4513,285.2138,20.4441,14.5042
654.5129,288.1096,20.0789,14.4435
660.2349,288.1026,20.1949,14.3215
663.8724,285.2929,19.5703,14.8398
667.0890,284.6041,19.6119,14.8001
674.7125,288.0835,19.8449,14.6136
678.3743,288.4807,19.9460,14.4962
682.1362,288.3130,20.0822,14.4175
685.8385,287.5794,19.8855,14.4452
689.2104,286.5440,19.4836,14.6591
693.2296,283.7834,19.2548,14.9436
696.7645,281.9969,19.1493,14.8533
701.0851,279.6762,19.1671,14.9538
705.4824,276.5894,19.1417,15.0855
712.1320,272.6644,18.9783,15.4021
718.9095,267.8024,18.9751,15.5786
727.5629,263.0250,18.9857,15.8790
736.2074,258.2170,19.4300,16.0167
744.9105,253.4779,19.8551,15.9408
755.6294,249.4163,20.1712,16.1058
768.3243,243.8050,20.4085,16.2073
781.9242,238.3604,20.6094,16.5030
797.4365,233.3586,20.7808,16.7621
810.6101,229.6967,20.9666,16.6696
826.5121,224.5963,21.1875,16.8724
842.1567,219.6559,21.5920,17.2938
858.0995,216.8368,21.9738,17.4595
874.0352,213.0261,21.9486,17.3970
888.0359,209.4971,22.2945,17.1451
902.5589,205.9743,22.3989,17.0478
918.9487,201.2962,22.4151,16.9620
933.4137,195.5951,22.7845,17.1105
948.0724,189.4785,23.1330,17.1543
960.6330,182.8078,23.1849,17.1789
973.4617,175.9422,22.7247,17.3511
985.8831,169.7321,22.4272,17.4312
996.0787,165.4061,22.1066,17.4844
1007.9788,162.4688,22.1804,17.4483
1019.7953,160.0879,22.1276,17.4348
1030.1304,158.7887,21.7746,17.4748
1039.7914,158.8594,22.0134,17.5621
1048.7839,164.8722,21.9780,17.8496
1057.3184,170.1410,21.9558,18.5458
1062.0272,170.7979,21.8145,18.7981
1069.2695,165.4972,21.0372,19.0727
1073.2089,157.4644,20.6176,19.4025
1076.6403,149.2050,20.1711,19.7291
1079.8086,141.1609,20.0348,19.8454
1081.1508,135.4643,19.8927,19.9746
1082.8950,130.5526,19.9292,19.8392
1084.8209,125.8580,19.8512,19.8068
1086.4415,120.6092,19.7532,19.7948
1089.2065,115.6669,19.6705,19.8260
1090.3152,114.6106,19.9448,19.5141
1093.8488,113.0468,20.1959,19.0854
1096.6843,104.4019,20.3025,18.9744
1099.2227,93.3794,20.3320,18.9510
1099.6636,79.7421,20.1764,19.2016
1101.6952,74.0309,20.4580,19.2074
1106.2546,71.1100,20.5813,19.2894
1108.8075,66.4986,20.6234,19.5919
1113.6198,58.9197,20.7028,19.8013
1120.7529,53.2346,21.0186,19.7796
1126.1370,49.1788,21.2378,19.8558
1130.9358,47.0656,21.4127,20.1665
1136.4243,43.2092,21.5384,20.2666
1142.0325,39.5550,21.8193,20.2939
1148.0394,39.0053,21.9054,20.1330
1154.1450,38.9417,22.1566,20.0334
1160.0956,37.6945,22.4312,20.0558
1166.0413,35.5143,22.4740,20.2836
1170.2777,32.6150,22.1776,20.4369
1176.5461,34.7363,21.8869,20.4932
1183.4456,37.6057,21.9369,20.5888
1188.4099,40.9352,21.8564,20.6461
1197.8041,44.2311,21.9121,20.7153
1203.7645,51.0844,22.2439,20.6225
1209.9584,62.8746,22.6880,20.3306
1214.0778,77.5940,22.2699,20.0696
1220.1667,92.4390,22.0290,19.8702
1226.0808,106.8775,21.8563,19.3369
1233.3539,121.7096,23.5525,17.8051
1238.2822,138.7838,25.5005,16.4388
1240.3651,155.8005,26.9547,15.4072
1241.2496,170.2596,27.3222,14.6921
1246.8256,187.1194,27.6965,14.0894
1249.1747,203.7230,28.3525,13.6943
1251.7831,224.8270,27.7781,13.4703
1252.4677,243.9583,27.5470,13.2432
1255.1735,261.8848,27.0038,12.8673
1253.4097,277.6978,26.8126,12.5517
1253.8674,290.5591,26.3841,12.3675
1253.2996,298.7375,26.1013,12.3851
1252.7960,304.2808,26.1457,12.1957
1250.7047,308.1126,26.6501,11.8862
1246.9377,311.3879,27.2664,11.4200
1242.9795,313.8267,26.9373,11.1836
1238.6307,317.3052,27.2726,11.0121
1231.7755,322.0106,27.0937,10.9693
1223.9371,327.7978,26.5916,11.0906
1216.8275,335.9802,26.6033,11.0836
1209.2531,343.8830,26.4457,11.1811
1201.3555,353.6155,26.1705,11.3836
1191.6808,363.6353,26.0212,11.6111
1182.4508,373.4760,26.0441,11.8286
1174.6132,380.9754,25.9382,11.8441
1165.3442,390.7802,25.9230,11.8478
1156.5267,401.1987,25.7372,12.1835
1146.7155,413.3199,25.4908,12.1789
1137.2997,425.5253,25.1828,12.3043
1128.4607,435.2971,24.8547,12.4696
1122.3145,440.9366,24.5087,12.6117
1119.1360,445.8893,24.4254,12.5943
1113.5172,451.0508,23.8960,12.9399
1108.4496,455.7195,23.6378,13.0062
1102.9612,458.8661,23.3147,12.9415
1098.6964,463.5576,22.9599,12.8964
1095.7766,466.3423,22.9295,13.0286
1092.7068,467.9938,23.0035,12.8575
1091.6177,466.8885,22.9011,12.9309
1090.2180,463.6613,22.9365,12.9240
1087.5509,458.8789,22.6191,12.8389
1087.4203,457.6577,22.7803,12.8873
1086.1567,453.6691,22.3096,12.9545
1083.6823,451.3449,22.1106,12.9661
1080.6442,450.8282,22.8200,12.8309
1076.5780,450.7651,23.1762,12.6908
1072.7323,448.5094,23.5367,12.5714
1064.3938,445.9225,23.6308,12.3857
1056.3057,445.3947,23.9658,12.3603
1053.9163,447.2218,23.9654,12.4215
1047.4182,447.4283,23.9474,12.5275
1042.9641,446.9806,23.4416,12.4256
1035.8987,446.1551,23.1213,12.2326
1031.7778,445.2608,23.2211,12.0208
1024.6067,440.3115,23.2014,11.9339
1019.7825,435.3501,23.4195,11.8940
1015.6262,431.8976,23.0843,12.0126
1010.6880,429.6777,22.9360,11.7573
1006.9650,424.5222,23.0157,12.0170
1004.6404,424.2907,22.9874,12.0200
997.8280,421.6781,22.9412,11.8818
995.8062,421.2151,22.9257,11.7963
990.9811,420.9584,22.8656,11.6954
984.7768,420.3310,22.8200,11.8131
978.4180,419.9369,23.1245,11.9510
975.1450,421.6183,23.2754,11.8693
970.2322,421.1828,23.5929,11.6638
966.4447,420.3667,23.6408,11.6044
963.5685,419.6250,23.7013,11.4343
959.3539,415.1530,23.9542,11.3914
955.7217,410.7972,24.3264,11.2873
951.7219,408.0038,24.7863,11.0085
950.0480,402.8105,24.8878,11.0618
947.8420,400.1563,25.9443,10.4497
944.4372,394.9802,25.9271,10.6870
940.7990,389.5984,26.5524,10.7377
940.7725,382.4880,26.4254,10.8982
938.1425,374.4275,26.6438,11.0306
937.0140,368.6809,26.1364,11.2990
934.6993,365.5672,26.5016,11.1680
933.6163,360.2104,26.6149,11.3400
931.9648,354.6613,26.8172,11.6511
931.9271,351.5550,27.2071,11.8396
920.4522,350.8704,26.8473,11.7584
917.4951,350.4827,26.5594,12.2070
916.6160,349.5934,26.8622,12.6448
915.9696,346.5582,26.8816,13.0285
906.6707,342.7029,26.6317,13.1403
904.6071,336.7953,26.7508,13.3400
905.0892,334.0703,27.0165,13.4524
894.9173,331.3809,26.9214,13.5339
896.8865,329.6042,25.5952,14.6833
896.8088,329.0211,25.9431,14.5090
881.3072,326.0571,25.8895,14.2679
878.6908,325.4429,26.2655,13.8596
874.1331,325.5469,26.9782,13.3223
863.3165,327.9884,26.9802,13.0281
857.1182,328.2566,26.8329,13.0043
851.5056,328.4703,26.7612,13.0406
843.3826,328.2767,26.3101,13.1331
837.1546,327.8343,26.3021,13.0291
826.9163,326.9758,26.4238,12.9666
818.8778,326.0941,26.8389,12.7092
810.5090,328.0951,26.6943,12.7547
803.3141,331.1672,26.9203,12.7876
797.0812,335.6313,26.9420,12.6893
788.9999,338.2781,27.2018,12.5331
783.4118,338.5602,27.0457,12.4314
777.7686,338.2865,26.7070,12.3979
769.8182,337.7501,26.5176,12.4072
760.5625,332.2321,26.4065,12.6199
756.1594,329.6149,26.8183,12.6988
751.0781,328.5084,26.7145,12.8859
748.3745,323.3181,26.8920,12.9671
743.3353,317.4193,27.4753,12.6159
737.2466,311.1154,27.3593,12.5095
731.8394,304.2867,27.4175,12.4841
727.0389,297.2741,27.2389,12.5134
723.6202,288.5175,26.7538,12.5551
719.0983,281.7000,26.2228,12.6571
714.1368,275.7844,25.8462,12.4605
709.7772,270.0860,25.6231,12.2994
706.1163,265.7613,25.0391,12.5273
701.3544,261.5917,24.4793,12.7614
697.8232,257.5046,23.6506,13.0366
696.4202,253.8639,23.0156,13.1240
693.7778,250.9491,22.3367,12.9826
690.3697,247.2824,21.8424,12.7935
689.2419,246.1192,21.1066,12.6411
687.1065,242.1888,19.7066,13.2475
684.0552,241.2585,19.3367,12.9521
679.3592,238.9338,19.5807,12.4477
675.2302,238.1054,19.5676,12.2280
672.6595,234.9696,19.6407,12.4263
670.6908,231.5925,18.7699,13.0538
666.6840,230.0765,18.1375,13.5582
662.4423,227.2552,17.8451,13.6079
657.4457,226.3497,17.3360,13.8995
651.3878,223.7325,17.2593,14.1502
646.1641,221.7408,17.2162,14.2581
639.6473,220.3750,17.2147,14.2315
632.3343,221.3198,17.0026,14.6182
625.4485,221.7587,16.7046,14.9510
620.2817,220.0320,16.4880,15.2545
613.9221,216.2314,16.4977,15.1990
604.5759,216.5236,16.4187,15.2321
595.6870,217.8011,16.5166,15.1589
587.5227,216.9091,16.8176,15.1318
581.1508,218.3221,16.8731,15.0200
571.3469,215.2655,16.6586,15.2027
562.4137,218.5222,16.4126,15.1901
555.5686,214.3194,16.5952,14.9632
548.3445,214.3199,16.6916,14.8945
540.8646,214.3396,16.9778,15.0389
535.1140,216.3569,16.9043,15.2150
529.4760,217.8883,16.9412,15.0984
523.9747,217.6288,16.9653,15.0938
518.6196,217.3698,17.3978,14.9925
511.7918,215.3956,17.2797,15.4618
506.6604,216.0657,17.1605,15.9811
505.8890,217.9086,17.5087,15.9520
500.9667,218.3307,17.3833,16.2797
494.1721,222.5827,17.0990,16.3001
492.8698,222.6737,17.3910,16.1719
489.5969,222.5909,17.2423,16.1921
484.6861,222.1900,16.9358,16.5254
483.6227,226.8099,16.9727,16.6771
486.5111,227.3045,17.6413,16.1686
494.1480,226.4010,17.7963,16.2462
2
0
0
0
0
1
461.6136,254.4463,19.2114,18.7927
460.5209,257.3894,19.7673,18.9080
459.8422,259.5630,19.9299,18.9939
459.0172,261.1370,20.2870,18.8286
457.8491,263.8591,20.3488,19.1442
458.1603,267.7043,20.6233,18.7410
458.5440,271.1526,20.7840,18.5709
459.0723,275.5026,20.5618,18.5921
459.4012,278.6672,20.6138,18.2612
461.4298,283.2274,20.7375,17.9922
461.9695,286.3097,21.0363,17.8353
463.7772,288.2860,21.1091,17.7640
465.0130,290.5258,20.9621,17.5043
467.5870,293.7343,20.9366,17.4649
468.8401,296.8602,20.9483,17.1357
471.3164,299.1099,21.0424,17.0195
473.8026,301.2596,20.8064,17.0687
475.0125,302.8999,21.3935,16.8958
475.1509,304.3080,21.1414,16.8094
476.2242,307.3207,21.2358,17.0715
476.7687,310.4248,21.5476,16.9897
476.1006,312.3627,21.2250,17.1556
475.7653,318.4310,21.1988,17.2881
476.6497,318.1658,21.2887,18.0843
472.7362,323.1154,21.4035,18.5006
472.5864,318.7006,21.0796,18.8193
473.0836,310.8363,20.8552,19.1437
466.7194,307.7545,20.8331,19.5278
460.2580,311.4729,20.8811,19.3612
463.3313,306.0912,21.0217,19.2243
2
0
0
0
0
1
449.2348,329.4658,17.6073,14.6209
447.0125,329.3148,17.2267,14.8308
445.2546,330.2198,17.0663,15.0584
442.9728,330.7915,17.3378,14.9751
442.3996,331.2220,17.3654,14.9637
441.5644,331.9615,17.3187,14.4658
441.3904,332.0872,17.4178,14.0718
442.1432,331.9438,17.3799,13.9379
443.1284,332.9245,17.6331,13.7436
444.9581,333.2083,17.6140,13.7003
446.4109,334.1928,17.4700,13.7109
448.2650,334.1457,17.4220,14.0685
449.5177,335.4690,17.6125,14.3178
450.2481,336.1051,17.4610,14.3847
450.5505,335.0609,17.3329,14.4468
449.3768,336.4064,17.4653,14.3300
448.2856,338.0600,17.2325,14.2799
446.7871,339.7095,17.4032,14.3369
442.8705,339.5880,17.2147,14.6479
438.8789,339.3672,17.3112,15.0828
432.2395,339.0889,17.2738,14.9738
427.9366,338.6543,17.2968,14.7937
421.7001,338.5617,17.2931,14.6563
417.3478,337.7136,16.8276,14.4825
411.8517,336.0296,16.5122,14.2241
408.5456,334.0620,16.6813,14.1402
401.8541,331.1708,16.8232,14.1355
394.0564,326.0040,16.8918,14.0366
388.4151,322.7475,16.7771,13.8306
383.3876,319.5890,16.5220,13.8521
377.6603,316.7749,16.2606,14.0457
374.1298,313.6207,16.0068,13.9836
370.4961,310.6997,15.8225,13.8162
367.8764,307.3921,15.5349,13.6601
364.4615,304.6469,15.2980,13.5970
362.5284,303.3672,15.0005,13.5811
361.0474,300.0205,14.9932,13.2333
358.7988,296.7644,15.1268,12.9079
357.6055,295.7132,14.9970,12.7736
354.8125,292.9498,14.6804,12.5907
