1
149.4271,67.1889,44.6823,56.7805
149.3176,66.5583,44.6464,56.6054
149.2629,68.0361,44.9457,56.6544
148.7226,68.0885,45.3562,56.4587
147.8091,67.0980,45.5869,56.5854
147.1121,67.8408,45.7122,56.1109
147.2766,66.1133,45.5940,55.9154
147.6809,65.4140,45.5766,55.2874
148.0805,62.0808,45.3680,55.5995
150.5618,62.1549,44.9974,56.7752
152.2000,59.8872,44.6802,57.6408
155.2403,57.1853,44.1951,58.2325
157.5193,55.8562,43.5656,58.5464
160.0551,51.6810,43.5037,58.8799
162.4993,50.2468,43.2859,59.7152
164.4989,49.5630,43.6348,60.1390
168.4710,50.4419,44.7676,60.4431
174.2787,53.4747,46.0902,60.9986
177.9302,57.0820,47.8158,61.6104
178.2816,59.7614,49.6619,61.7371
178.3049,61.2305,52.6862,61.4586
174.7240,68.4001,55.4940,61.7436
176.3088,69.5053,57.6120,62.8831
170.2545,71.8636,58.4939,65.4703
207.8942,65.3725,57.2214,67.3253
209.6309,66.5841,56.0762,68.2598
211.9474,69.3053,54.6588,67.9565
213.8566,69.9461,54.6704,67.3026
214.3642,70.4949,54.9085,66.6695
215.8767,71.2808,55.4448,65.9647
216.5985,72.2242,56.3138,65.0664
216.8941,73.2088,57.1372,63.2504
216.1126,73.6037,57.4159,61.7938
212.0919,72.8066,57.2877,61.4861
213.4239,70.2493,57.2122,61.2933
215.6224,67.3859,56.7276,61.5561
214.1792,65.4165,55.7389,62.2366
208.4613,70.8549,56.0700,61.8537
171.3937,74.2942,58.6755,61.6919
164.7319,82.1155,59.2633,64.5755
159.9101,73.2546,60.0040,65.0934
153.0758,64.5837,61.3944,64.6153
152.5567,59.1559,60.9298,63.6437
148.7668,58.5206,62.0295,62.5048
127.1609,53.4556,62.0456,61.6572
114.9972,51.7913,62.3379,62.3036
108.8509,49.9989,61.7745,64.7906
101.9342,47.4046,61.0516,68.9505
94.0299,46.2393,57.3866,74.1258
86.4229,42.8411,54.1819,78.2249
82.7261,41.3035,51.4049,81.7638
78.8123,39.6499,49.0604,85.2092
75.3252,38.2793,47.2664,87.3059
71.0810,37.2440,45.6519,88.2074
67.4287,38.9443,44.1619,88.7130
63.2888,38.5764,42.9608,89.8992
57.1130,36.7965,42.1207,91.5732
52.5476,34.3601,42.0111,92.2385
48.6689,35.4961,42.3972,92.2160
46.5301,37.3881,43.4337,91.0723
50.0454,39.3577,44.0242,89.9431
53.6957,42.3248,45.1531,88.6773
61.8751,47.1555,45.4554,87.6951
77.6836,53.3706,48.7284,84.8447
93.3356,57.3409,51.6530,81.5394
111.2990,66.2514,50.6108,83.0483
141.9612,62.4888,53.5455,82.1025
148.7942,60.8271,57.1716,80.0360
154.9210,63.8100,57.1062,79.3557
161.6382,68.4519,54.1500,82.1645
167.3903,72.4329,53.3549,84.8771
168.3593,81.2856,55.8983,85.1172
177.7545,64.4919,59.4515,83.2097
185.3952,64.1414,61.1560,83.1286
205.4007,68.2522,58.7434,84.8016
184.4885,66.5235,61.0884,83.8026
183.5252,68.2595,63.0540,83.5829
183.9414,68.6306,64.4750,84.0673
183.7287,68.3885,64.9030,83.9680
181.4515,71.6865,65.8982,83.9732
173.8967,78.5889,67.2380,84.0052
171.3732,74.4272,68.3036,84.2169
168.5075,72.7840,68.3966,85.3539
164.9223,67.9707,68.0347,87.1837
158.2375,65.1020,69.7625,86.5770
149.2733,56.9915,71.2170,84.7485
131.8221,48.3505,71.7268,82.8017
115.4117,42.1660,70.7190,82.5575
108.2384,38.9778,69.5241,82.3034
100.5361,40.0040,67.8003,84.3715
96.1719,35.3954,65.6269,84.4037
92.4265,36.8297,63.5345,84.7357
94.7613,34.1860,58.4635,87.6209
98.7406,35.7875,58.0608,85.6197
108.2816,38.4091,58.5755,84.9404
112.9752,43.9174,59.7349,86.4692
117.7711,55.8168,62.8357,88.0147
118.4873,59.6866,67.0615,88.2489
118.3993,64.6970,71.4873,86.8804
151.9942,58.3328,70.6214,85.1519
154.1652,69.7660,70.1236,84.1457
156.7503,84.0164,70.5630,82.5230
160.4775,92.4021,70.3830,80.9199
161.2023,74.9545,71.8717,78.6071
179.2375,76.7456,74.4028,75.7332
194.7195,72.4003,73.8883,73.8272
190.5507,82.5391,74.5959,72.9678
212.1035,106.3501,68.7651,77.9499
219.7402,105.1542,63.4965,81.4110
220.5356,101.7043,59.9895,83.4243
219.8425,107.9068,57.9151,84.7186
223.9247,118.8903,58.6227,83.1897
221.6302,121.0297,58.8976,82.5418
221.5090,123.8435,59.2253,81.0094
221.1367,124.4138,59.9223,79.5138
214.4526,122.9074,60.5956,78.3135
222.7448,119.3473,57.9906,79.5283
222.6634,116.3977,58.4409,78.2659
231.6790,122.3727,58.3629,78.0116
205.7526,61.4101,60.8485,73.9558
191.8917,62.9551,65.5257,70.1401
199.6929,66.4880,65.8721,69.2344
203.6962,69.4020,66.0994,69.0260
161.8298,72.3768,65.8912,68.4729
132.6397,69.6502,67.8223,70.4115
130.9671,65.8499,69.8426,70.4611
129.3548,64.5908,68.5927,71.8905
129.5240,59.3380,67.6147,73.1890
127.3533,60.8815,66.0743,75.6856
126.1678,54.7878,64.6314,76.4277
120.1036,50.7744,65.4021,76.8528
106.9956,51.1096,64.1255,78.6194
98.2047,53.9994,61.5526,79.2844
96.1289,57.9155,59.7029,79.2024
93.4212,58.7589,58.9591,78.3489
87.2347,61.0155,58.2230,79.6327
89.8069,59.1343,56.9886,79.8908
93.0961,60.0284,56.4562,78.4881
103.8837,63.5993,52.9021,80.3611
113.1689,65.0650,50.5235,81.6250
124.8695,62.8817,48.8779,82.1388
133.4450,59.8085,51.0345,80.3604
168.8658,83.1176,52.7611,79.9589
174.8776,80.7176,52.8027,82.5194
178.0610,88.3316,55.9605,82.7020
181.3875,97.7177,58.8360,82.7475
184.9823,95.6813,60.1462,82.7686
181.9181,101.9953,61.4994,81.9485
181.5327,98.7871,62.4414,81.5210
180.2443,105.9903,63.9478,80.4903
178.7442,104.4917,65.1184,79.8415
184.6900,100.1594,65.5002,79.8257
181.4251,103.0860,66.8298,79.5302
182.5910,97.5803,65.3755,81.3120
185.8263,99.7206,61.7724,85.7457
179.2344,97.7065,63.0858,85.1904
180.7476,101.7951,60.5548,89.2961
181.3705,90.4462,61.4740,88.6935
183.9484,89.5380,62.9974,87.7034
183.5838,86.1835,64.7765,86.5961
178.7717,81.4272,66.0153,86.0495
171.7232,79.5646,68.1433,85.2902
171.2321,77.3332,68.6669,84.6104
166.8512,69.6933,69.7052,83.6414
169.4322,64.7982,70.0397,83.3267
132.4823,60.2494,69.5605,84.1905
135.0134,56.4070,69.1207,84.3602
135.2461,52.0927,69.4550,83.8908
138.2723,50.1712,70.5855,82.4029
134.8978,57.8707,70.9849,81.4784
168.1771,60.4709,71.2522,81.4140
163.6489,52.8203,71.9714,80.1548
166.2530,57.9889,72.1944,79.1143
171.3925,62.9867,72.3972,79.2577
178.0821,65.8723,72.8814,79.4965
169.8737,73.4478,71.8048,80.8446
177.3404,70.2531,71.5619,82.8356
178.2414,69.9438,72.8653,83.4479
184.7895,68.2314,75.1242,83.1343
180.4677,72.9190,76.1477,82.5208
177.9426,70.5557,76.5621,83.1013
176.7745,69.2384,76.4421,83.9657
176.2991,66.3327,75.8845,85.5204
175.8644,64.5787,75.9978,85.4328
174.2861,68.6923,75.4941,85.1616
180.4371,63.6037,76.0506,85.6020
171.1690,69.6634,75.9357,85.2721
165.3975,70.6383,75.1556,85.1941
165.1680,64.7911,76.2702,84.2511
155.6809,59.3281,76.1784,84.0895
166.6939,66.2216,75.9041,83.8189
127.4895,52.3680,75.3908,83.6163
122.7498,52.5133,73.1551,84.8530
120.7168,52.8192,69.4120,88.9000
117.8339,48.6446,65.2355,94.1225
110.7262,43.5793,61.3683,97.9854
104.2014,43.5064,56.9892,100.6444
95.5162,41.2168,53.0763,102.5303
86.5390,39.9744,49.9322,103.8950
78.6672,38.3727,47.3642,104.7010
74.8290,37.2211,45.5328,104.1970
70.8104,37.8723,44.0987,102.7528
67.4188,38.8718,42.8243,101.1214
59.6241,43.7606,40.2366,102.8019
57.8979,44.4721,38.7766,104.2940
59.2143,48.6375,37.4996,106.4514
63.6001,47.5976,36.8225,105.8813
68.9714,59.4288,36.7045,105.3522
75.0198,65.7802,36.4699,104.3757
81.1419,79.9108,37.6506,103.7105
84.8555,85.3621,38.8951,101.5256
90.2876,88.8482,38.6517,100.4235
92.3949,95.5286,38.8246,100.2808
94.6874,100.7273,37.7496,102.5959
95.4701,108.9080,38.0656,102.1352
97.1362,109.3579,38.2108,100.9715
98.4078,105.6623,38.0005,101.0369
97.7919,100.6136,37.5159,101.2197
98.4552,99.4405,36.7859,101.7809
100.1213,96.4667,36.1922,101.0560
102.9390,97.5272,35.8117,100.1858
105.7481,99.1505,35.4791,99.5864
108.5370,101.5104,35.1861,99.3599
109.8512,103.4152,35.2318,98.6627
111.7826,104.7598,34.7620,98.3086
113.6911,106.9092,34.2567,98.5267
115.5941,105.7300,34.1192,98.2403
116.9141,102.2899,34.3443,98.1181
118.4100,100.9981,35.0594,96.5097
119.1337,101.2475,35.5107,96.0118
120.7030,96.2579,36.0174,93.7937
122.1939,91.4865,36.9166,92.5089
124.0525,88.1788,37.1299,92.7991
124.8625,87.4945,36.7640,90.5893
131.0852,84.3596,35.9768,89.9754
131.1183,84.4370,36.1691,88.1669
134.8121,81.3806,35.9200,88.6566
138.2709,81.0261,35.9690,88.3099
142.2668,79.8969,36.4414,88.0466
146.0667,78.0615,37.2035,87.9708
149.4137,74.5289,37.9243,88.4874
158.6946,66.6628,38.8761,89.8287
161.2467,64.2372,39.1285,91.1574
165.0883,64.0528,40.0300,92.2002
166.8824,64.8791,40.3463,92.2303
162.8059,64.0221,40.3499,91.8618
160.0176,60.9226,39.5920,92.3898
154.0569,56.5293,38.5346,93.2215
145.7419,52.1194,38.5431,93.0018
139.9452,52.7986,40.6209,91.1265
131.3663,54.6580,40.9412,89.3686
123.1336,60.1998,40.8117,89.0425
114.7003,62.5603,40.1915,88.0043
112.0177,62.3573,39.2718,86.5219
107.2080,62.6186,39.4859,84.7418
104.0521,65.7656,39.3841,83.0931
101.3220,63.3573,38.6438,81.3092
100.0437,63.0313,37.8507,79.7134
100.4634,63.5321,38.2792,77.1604
103.0260,64.3489,38.3011,75.9188
105.9554,64.7926,37.8995,75.2709
107.7319,66.8317,37.5808,73.9243
108.6400,66.8296,36.5504,74.0968
110.4995,67.0597,36.5580,73.2857
110.7524,65.9803,36.4981,72.7970
111.7985,66.0539,36.4529,72.2521
