1
593.6800,201.6190,43.6083,38.3768
590.3163,200.7539,44.1074,38.9177
587.1840,199.3245,44.5841,38.9797
585.6588,198.1991,44.9971,39.0088
582.8731,198.3501,44.8066,39.2893
580.5345,197.2198,44.6592,39.0766
578.8577,195.8914,44.0276,39.0759
578.1696,195.4564,42.2757,39.6877
581.2506,200.1109,38.1017,44.0604
579.4655,202.0948,34.2231,48.0451
581.6735,199.2519,31.5191,51.7542
580.3248,194.9261,29.9837,54.4016
581.1046,192.7820,28.8460,56.5486
578.4027,190.3840,28.3264,58.5802
577.7661,188.6679,27.9353,59.9541
574.9727,187.0569,27.9022,61.4017
575.3971,187.3328,27.6685,62.4375
572.5018,185.8631,27.5594,63.4620
573.0029,186.3772,27.1955,64.4273
570.7552,183.7339,27.3813,65.0759
572.3035,185.0699,27.2069,66.1475
573.0085,183.6792,26.9641,67.2775
570.1747,182.4162,27.0878,67.9460
570.8174,183.5860,26.9529,68.6054
570.9936,183.1768,26.7515,69.2181
567.6277,182.5835,27.3070,69.3947
568.9556,183.8915,27.2988,69.9746
569.0790,184.8589,27.0606,70.3908
566.4121,184.3478,26.3265,72.4627
568.3173,183.8738,25.2236,74.6458
565.7342,183.7644,24.6793,76.0959
567.5397,184.0047,23.5852,77.8290
564.9587,181.8264,22.8741,79.1195
566.6082,182.4667,21.4990,80.2416
567.1025,180.8282,20.5530,81.0195
564.8307,180.6506,21.4464,81.2018
563.2288,178.5864,23.0210,80.0045
559.8229,176.3770,25.7536,76.5167
555.9413,175.4435,28.7930,72.4186
553.1511,175.3875,31.8147,68.3300
550.6858,179.1061,33.9240,65.6191
552.2721,181.3564,34.6077,64.0117
549.1874,180.7230,35.8885,62.1731
547.0439,181.4103,37.1123,60.0030
549.8641,183.1321,37.1132,59.1742
547.8090,182.8115,37.6250,58.3057
547.0411,184.8005,37.8983,58.2826
546.4804,183.3466,38.7723,57.1855
546.5524,185.9610,39.0938,57.0398
545.9207,184.5162,39.4290,56.4658
546.5647,185.4187,39.8096,55.4981
547.3634,186.3086,39.9268,54.7354
548.1453,186.6679,40.0091,54.2591
548.8563,188.0697,39.8993,53.7591
550.1166,188.1051,39.7135,54.0456
554.1297,189.0799,38.8367,54.1933
557.6523,194.8285,35.4265,57.4366
562.1781,192.1944,33.8486,59.9194
569.0743,188.0113,34.7509,59.1625
571.5521,185.8417,38.0752,55.8532
571.9478,185.9404,41.5262,52.1076
572.1274,187.0733,44.5453,48.7965
574.7860,191.4003,46.1866,47.0877
575.0291,190.6937,47.7572,45.0355
576.2005,191.7752,49.1909,43.2440
578.6782,195.4725,49.5894,42.8484
580.5956,194.2057,50.1851,41.9253
581.4846,194.1806,50.7321,41.0316
582.2098,195.3142,51.3982,40.1867
584.0878,196.4375,51.7609,39.5319
586.6321,196.1091,51.8994,39.2179
588.1048,196.2717,52.0424,38.7705
589.9790,196.8907,52.2118,38.4387
591.7791,197.3103,52.2757,38.1534
595.8950,197.5440,51.8509,37.7227
598.9351,197.9892,51.3793,37.0939
598.9041,198.1929,51.3178,36.6381
599.5016,198.4575,52.3055,34.9990
601.2348,198.9813,52.8778,33.5273
603.3189,199.3458,53.2416,32.3093
605.3478,199.8566,53.3495,31.3424
605.6862,200.6186,53.6049,30.5070
607.7648,201.5862,53.7622,29.9712
609.4504,201.4955,53.5985,29.5765
610.9221,201.9859,53.5491,29.1290
612.1534,202.2857,53.5134,28.7405
614.8107,203.2538,53.3512,28.3927
616.1617,204.1411,53.3589,28.0209
617.4810,204.0507,53.2123,27.7445
618.9851,204.1911,53.4171,27.4494
621.9884,205.2395,53.8545,26.9875
624.6739,206.0786,54.1767,26.8102
626.7855,206.5786,54.5216,26.6980
627.8472,206.7280,54.5456,26.6315
629.2430,207.2290,54.3689,26.6087
629.5328,207.5887,54.1499,26.5482
629.7429,208.2177,54.1411,26.5027
630.4078,208.0884,53.9557,26.4548
631.0079,208.6055,53.9461,26.4557
630.9181,208.3068,53.6939,26.3561
629.2297,208.2327,53.5813,26.1531
624.3899,208.2715,52.4499,26.1664
617.7157,211.6483,49.3564,28.6400
614.1239,216.2330,45.8681,32.3787
616.5208,215.3076,42.1155,36.2165
614.8624,213.1716,39.7683,38.6422
613.3096,210.6772,38.8466,39.3076
612.0435,209.7019,38.2308,39.5525
610.8278,208.9836,37.7757,39.4644
609.9020,208.1642,37.3245,39.6185
608.8860,207.7403,36.8969,39.5534
608.0872,206.3742,36.2606,39.8267
606.0627,205.3361,36.1298,39.4692
604.6716,206.8067,35.4264,40.3265
603.1743,204.8520,35.2131,40.3226
601.0126,205.6579,34.6752,40.9423
599.8193,204.0586,34.6630,40.6824
597.5485,204.7324,34.2273,41.2441
596.2332,202.8809,34.1661,40.9938
594.5508,203.4355,33.7686,41.5696
593.0825,203.2113,33.3805,42.3977
591.3434,203.2684,33.1766,42.8382
589.4822,200.5437,33.2310,42.6426
588.3787,201.3951,33.0425,43.1604
587.3763,201.6914,32.9019,43.7287
586.1312,199.1481,32.7186,44.0020
589.7292,200.9809,31.8540,44.9003
586.9654,202.0423,29.6678,47.6035
588.5208,197.5029,31.3782,47.0666
589.7719,196.8553,33.6640,45.6777
592.9893,195.4503,35.1632,43.6959
591.9620,194.2645,36.7535,41.6043
590.8752,194.6929,37.9622,39.6159
589.3577,194.9100,38.8557,38.0251
588.9965,196.0439,39.5484,36.3379
587.8265,196.4894,40.1224,35.0050
587.5204,197.1332,40.2750,33.9459
587.3191,196.4799,40.1027,33.2719
586.1407,196.6591,40.0447,32.5271
585.8165,197.4126,39.7193,31.8856
586.2275,197.1894,39.2781,31.4860
586.9223,197.7618,38.7456,31.0738
587.0567,197.0326,38.2475,30.8560
587.1335,197.3133,37.9002,30.4770
587.5345,197.3239,37.4172,30.1995
588.8572,197.2130,36.8809,30.0499
590.1295,197.0016,36.3932,29.9378
590.7125,197.0249,36.1150,29.5994
592.3186,196.7376,35.8383,29.4233
593.1949,196.6133,35.6979,29.0689
594.1613,195.5390,35.3923,28.9142
596.1160,195.4334,35.1963,28.5841
598.5585,195.6502,35.0532,28.1148
601.4785,195.4886,35.3655,27.5739
605.6629,195.6932,35.9349,27.1826
610.1107,195.4129,37.3574,25.9726
614.3283,196.0926,38.2682,25.0931
617.4021,196.5998,39.0792,24.5514
617.7894,196.3028,39.5962,23.9676
617.9793,197.8513,40.6392,23.4994
618.9957,197.9397,41.1449,23.2728
620.2976,197.8779,41.6788,23.1200
622.1048,198.0281,41.9909,23.0959
622.4127,197.8304,42.5494,23.0491
624.2467,198.2429,42.6116,22.9905
623.7006,198.2376,43.5527,22.9228
625.7084,198.4182,44.0178,23.0364
627.3104,197.0125,44.4817,23.1806
624.9351,195.9842,45.8848,23.2775
625.8880,199.7365,45.5358,23.7874
622.9059,205.9783,43.3094,25.6410
600.9529,177.3909,42.5078,27.7323
2
0
0
0
0
1
608.9892,196.5842,57.8732,48.3945
608.5620,197.6050,58.7216,47.6094
608.3839,197.7424,58.9337,47.2559
608.2527,197.8359,59.0290,46.9526
607.5851,198.3815,59.3987,46.5901
608.0471,197.9575,58.9828,46.5679
608.0156,197.5368,58.7834,46.5543
607.4536,197.2583,56.8253,46.6694
607.5350,198.1274,54.3703,47.9749
609.8955,209.4839,49.1276,52.9761
612.9695,210.1917,44.0466,58.3009
609.9005,204.4174,40.0944,62.9130
609.5150,200.0984,37.2527,65.9403
609.1345,197.9070,35.7687,67.0076
608.1965,196.7728,34.4893,67.7408
608.5056,197.9462,33.1696,69.1121
607.4404,196.3239,32.4522,69.1825
607.9598,198.0863,31.3389,70.5199
607.7498,196.8990,30.7134,70.8866
607.9727,198.1552,29.7732,72.0640
606.8751,195.9093,29.3602,72.0824
606.5673,197.4199,28.9234,72.6265
605.4056,195.3346,28.8820,72.3301
605.3976,197.2688,28.4773,72.8959
604.3298,195.5724,28.6552,72.3391
603.7303,196.8417,28.2570,72.8058
602.9389,197.4767,28.2135,72.9159
602.0408,197.3765,28.3638,72.9146
601.3449,197.1561,28.3942,73.2228
600.2571,197.4811,28.4624,73.2358
599.5488,197.1106,28.3322,73.5655
598.3517,197.5555,28.2665,73.5781
597.4781,197.3286,28.2983,73.6576
596.4380,197.8687,28.2719,73.8667
595.6993,197.7873,28.1825,74.2361
595.1071,198.2147,28.3278,74.3437
594.2373,198.0747,28.1564,74.8191
593.4951,198.2877,28.2441,74.8563
592.6989,198.0003,28.1021,75.2812
592.2304,197.8972,28.1720,75.5505
591.4483,198.8003,27.7492,76.4768
591.7798,199.2703,27.5498,77.3590
591.5887,199.4222,27.3201,78.2851
591.5835,199.3981,27.1194,79.0627
591.8906,199.4132,27.2768,79.5250
591.0447,199.3971,27.7647,79.7871
584.5911,190.9392,31.5300,75.3537
575.0058,190.6650,35.6506,69.3258
568.1202,194.6786,39.7408,64.0001
561.9442,194.2602,43.4279,58.2948
557.3502,199.3503,46.6918,53.5155
553.5945,199.4240,49.1996,49.0898
549.7296,203.5845,51.0477,45.7048
546.2546,204.0593,51.9968,42.7323
544.8782,205.0979,54.0952,39.5847
542.5306,207.0829,56.5407,37.0646
536.5120,208.0045,57.1924,35.1832
533.7609,209.0370,58.4425,33.7561
527.7163,210.0112,58.4309,32.7297
525.3360,210.7229,59.0753,31.9337
518.5986,210.5591,58.5199,31.5365
515.7642,211.9225,59.3008,30.8613
510.1864,212.7347,58.9220,30.4880
507.6099,213.5723,59.4881,30.1870
503.9319,215.0941,59.4064,30.0046
502.6473,216.2151,60.1914,29.7046
497.5469,216.2526,60.0310,29.7603
492.6790,217.0140,59.9136,29.8304
487.9187,218.4548,59.6591,29.5959
485.3986,218.9054,60.1126,29.4696
479.2019,218.5517,59.6425,29.7470
473.6466,219.8714,59.7116,29.7850
471.0253,219.9484,60.0443,29.6324
465.0364,222.0224,60.4283,29.5478
459.4478,222.8447,60.3125,29.4341
457.6004,223.5764,60.8899,29.2288
451.0934,223.3925,60.3682,29.3051
448.6643,224.0119,60.5682,29.1420
443.9587,224.5295,60.5048,29.1426
441.8568,225.0251,60.4776,29.0117
438.9415,225.0283,60.4785,28.7605
435.8510,225.4624,60.3865,28.6408
432.9129,226.1130,60.1725,28.6296
431.5674,227.0879,59.3267,28.6582
430.9290,227.1617,57.1205,28.7914
433.8353,227.9014,54.6728,28.8795
434.3327,231.4628,51.8960,29.2527
434.3487,231.0765,49.4906,29.5086
433.6941,231.5951,47.3976,29.4892
433.0636,232.2316,45.5327,29.2030
432.4065,232.8071,44.0088,28.8951
431.4205,233.0794,42.7629,28.5377
430.9862,233.5982,41.6129,28.1166
430.1996,234.1220,40.6551,27.6998
430.1462,236.7531,39.9069,27.4211
429.6437,236.7435,39.1344,26.9585
429.5735,237.1738,38.3693,26.5899
429.1644,237.6952,37.7341,26.2041
428.5994,238.5340,37.1600,25.7898
428.3858,238.7647,36.6083,25.3856
428.8073,239.3347,36.0355,25.0990
428.6659,240.1549,35.7038,24.8609
427.0905,240.4533,34.7687,25.4962
424.5444,239.8956,34.4596,25.8547
417.7810,240.6141,34.6516,25.9199
410.6702,240.7891,35.4297,25.8185
407.0141,241.3731,36.4276,25.7949
404.5464,241.5757,37.0924,25.7506
404.3104,242.2739,37.5493,25.7227
402.9552,242.5282,38.1261,25.6886
404.1206,244.0877,39.2108,25.0993
404.1232,245.5753,40.4766,24.7024
402.9579,247.4797,41.7826,24.3934
401.8063,248.8168,42.7745,24.2498
400.2643,250.4697,43.6934,24.1494
399.0214,251.0082,44.3422,24.1695
398.5011,251.5198,44.9101,24.2398
397.7960,252.5189,45.4409,24.2362
396.8683,253.5745,45.6976,24.3351
397.9561,254.2022,45.5461,24.4457
402.0466,254.5753,44.7845,24.5358
408.1474,256.0563,43.8690,24.6037
411.5395,259.1305,43.0019,24.7632
413.5324,259.2542,41.9587,24.7220
413.8915,259.0437,40.8576,24.7415
415.9899,259.8470,40.1474,24.5495
416.1299,260.2041,39.3868,24.3255
416.3615,260.6500,38.7301,24.1477
417.2820,260.7386,38.4328,24.0037
418.7003,261.3722,38.0740,23.8562
419.0718,261.8958,37.8211,23.7101
420.9001,262.2232,37.5028,23.5876
420.6862,262.5019,37.6892,23.4357
420.9854,262.5041,37.6602,23.3562
420.1046,262.4415,38.1241,23.2973
414.2794,261.6554,39.4479,22.9721
407.6366,260.6115,41.0849,22.8939
405.6057,259.7760,41.6151,23.0050
406.7642,258.8170,41.4256,23.1317
408.5436,258.0430,40.9750,23.2102
408.1378,257.8786,40.2846,23.3064
409.2540,257.6141,39.7209,23.2161
409.8467,257.4397,39.3346,23.1375
409.5929,256.6096,39.0044,23.0496
410.0460,256.8347,38.6458,22.9585
410.6217,256.6420,38.3641,22.8983
411.2303,257.5605,38.1368,22.6992
412.2206,257.8765,37.9282,22.5603
414.0735,257.4735,38.0297,22.4056
415.9959,257.4481,37.8073,22.3263
417.5422,257.3615,37.7008,22.1587
419.5364,257.6635,37.4110,22.0808
422.2509,257.4821,37.2553,22.0047
423.2517,257.7781,37.0672,22.0014
426.6919,257.5359,36.9823,21.9624
428.7216,257.1408,36.8234,21.8285
432.5936,256.7845,36.5575,21.6943
438.5834,255.6432,35.7336,21.7041
448.8883,255.6330,34.7757,21.6403
457.2190,254.8513,32.2854,22.7422
463.9735,252.0552,30.1319,23.5428
469.9545,250.9448,28.2094,25.0888
473.6925,249.9192,26.4665,26.4111
477.4309,247.6528,25.2118,26.7402
481.7937,246.6750,24.0667,27.2394
485.4171,244.0174,23.3221,27.0451
488.3306,243.2814,22.7478,27.1734
491.8301,241.4491,22.2531,26.7129
495.3217,240.0612,21.7769,26.1790
498.5962,238.8764,21.2898,25.7631
502.0874,239.1688,20.7239,25.6327
506.6436,238.3913,20.1154,25.6785
509.9421,237.5557,19.7252,25.6259
513.4185,235.8138,19.4313,25.1754
516.7711,235.2485,19.1485,25.0435
520.1962,234.1642,18.8902,24.8944
523.6817,232.6462,18.6771,24.8129
526.8604,231.0161,18.5698,24.6819
530.5968,230.1255,18.1480,24.6232
534.3348,228.4040,17.7692,24.5953
537.5384,226.9331,17.6428,24.4027
540.8956,225.9989,17.3731,24.1826
542.8528,223.2779,16.9872,23.7233
544.8857,222.6151,16.6454,23.3984
547.1157,221.6852,16.4699,23.0357
549.4810,221.0743,16.3613,22.6917
551.4915,219.2681,16.3000,22.3091
549.7489,218.3194,16.9382,21.8643
544.9841,217.4533,18.3426,21.3304
539.6230,217.1567,19.9891,20.9516
535.7133,216.6776,21.7717,20.6836
534.5541,215.8425,23.3942,20.5551
534.5291,215.0353,24.9314,20.5222
535.2167,213.6174,26.2134,20.5532
536.2877,211.2148,27.2187,20.7641
536.8774,209.5900,28.1865,20.8441
537.6238,207.2945,29.0615,21.0270
537.7374,206.0840,29.9014,21.1486
538.2918,204.2590,30.6585,21.3741
538.5966,203.2564,31.3445,21.4425
540.2123,201.9144,31.7826,21.5358
539.8531,200.7515,32.2674,21.6306
540.4498,198.5297,32.4658,21.7127
541.5463,197.7516,32.9687,21.7855
541.6849,196.1423,33.2844,21.9054
541.2833,194.7932,33.6575,22.0057
541.6827,193.6627,33.9872,22.0079
541.8840,192.8080,34.2181,21.9811
542.4584,191.7651,34.3945,22.0085
541.6255,189.3155,34.2719,22.0993
541.8106,188.3486,34.5572,22.1833
541.9059,186.3446,34.7499,22.1978
542.2965,184.0360,34.9399,22.2070
543.1141,181.7285,35.0507,22.2619
542.8967,180.2826,35.3377,22.4757
543.1358,178.1894,35.4884,22.4846
545.1965,175.6482,35.3483,22.3827
550.9193,174.1578,35.5646,22.0532
558.3354,170.9751,34.5062,21.6792
567.4918,171.5864,31.9659,23.2770
570.1148,170.8290,29.6534,25.4834
571.5763,166.9741,28.1919,27.4970
571.8295,165.1024,27.7758,28.6532
571.8197,163.4247,27.5444,29.6910
571.2146,162.0688,27.4057,30.5997
571.2532,160.7917,27.3537,31.2520
571.3727,158.9995,27.2848,32.1727
569.8087,158.9295,26.8629,32.7859
571.1061,158.7393,26.5386,33.7398
569.4277,157.9840,26.3116,34.1534
570.3495,156.5201,25.9047,35.2668
570.3313,155.2803,25.6198,36.3560
569.9254,154.4312,25.4840,37.2145
569.5372,153.2263,25.3718,38.0420
569.3828,152.2613,25.3113,38.6118
568.5070,150.8625,25.3202,39.1894
568.3195,149.6713,25.3476,39.4950
567.9445,148.3006,25.4092,39.8092
566.8629,147.0204,25.4114,40.0672
565.4814,146.1071,25.3959,40.3272
564.5303,143.2704,25.5209,40.7836
564.8154,144.9970,24.2682,42.8147
565.3422,145.4270,22.9366,44.7181
564.8297,143.0244,22.2244,45.9659
564.8379,141.1022,21.7595,46.9271
564.7152,142.1964,21.1334,47.8811
564.7430,139.9626,20.9371,48.4016
564.5723,141.0163,20.4977,49.0601
564.6188,138.9507,20.2514,49.5360
564.6131,139.9321,19.9403,50.0654
563.8946,138.0464,19.9981,50.2653
563.9830,138.8548,19.7043,50.7217
563.1599,136.8595,19.7574,50.6980
563.3422,138.0871,19.4575,51.0913
562.7916,135.8053,19.5030,51.0794
562.2952,137.0992,19.4182,51.2247
562.4919,137.5295,19.0633,51.6866
563.1550,137.3488,18.5768,52.6141
562.9452,135.8788,18.6070,53.3227
563.2215,137.9673,19.6177,52.7372
565.8622,144.1268,20.6725,52.0151
563.3230,136.7722,22.2735,50.5164
559.1087,132.8930,24.3420,48.4136
550.7365,131.8081,26.6574,46.2730
530.9023,131.1385,30.3207,42.9946
524.7597,130.6572,33.7214,39.6439
520.8846,130.7775,36.2460,36.5212
518.0721,130.8908,38.1313,33.9540
516.5787,131.7115,39.4598,31.9029
515.3640,132.0376,40.4538,30.3142
514.1901,132.4118,41.1741,29.0419
513.3652,133.2596,41.5864,28.0706
514.1406,133.6864,42.7405,26.7742
513.1816,133.3022,43.6468,25.9113
511.0698,133.1908,43.3738,25.8258
512.2733,133.9968,43.9451,25.0861
512.2715,133.3333,44.3596,24.6655
511.7746,134.0794,44.7584,24.2821
511.1662,133.6950,45.0811,24.1002
510.9735,133.6220,45.3898,23.9083
510.5593,133.3580,45.5643,23.8054
510.9615,133.9464,45.6281,23.6069
510.9158,133.3900,45.6274,23.5894
513.0790,132.1367,45.2193,23.5890
518.6172,131.9243,43.4966,23.5308
528.9052,133.8042,40.3538,25.4971
537.5518,136.5985,36.9592,28.6996
537.8382,137.8306,34.5344,31.1942
538.5569,135.0663,32.5008,33.1315
539.9391,133.0223,30.6555,34.8424
540.5433,132.0726,29.1986,36.1964
540.8782,131.1970,28.1057,37.1605
541.1292,130.5094,27.3104,37.7185
541.5523,130.1736,26.7100,38.1714
541.9815,129.7840,26.2322,38.5397
541.3140,129.7377,25.9080,38.8881
541.0164,129.4252,25.6495,39.0107
540.7786,129.3813,25.4624,39.0540
540.3593,129.3617,25.3179,39.0899
540.2038,129.1103,25.2306,39.0328
542.1572,131.0620,23.5528,40.8906
543.0485,131.6961,21.9649,43.0404
543.4183,131.7752,20.7708,44.7210
544.3126,131.3767,19.7204,46.1660
544.4814,131.3912,18.9969,47.1865
544.9148,131.2646,18.4239,48.0505
544.8783,130.7143,17.9895,48.7990
544.9850,130.5924,17.6540,49.3264
545.0052,130.3630,17.4619,49.7924
545.3527,129.6281,17.3034,50.3939
545.0870,130.1181,17.2332,50.4083
544.8012,127.8565,17.2125,50.4754
544.9429,128.5550,17.1339,50.5563
545.0334,129.0775,17.0879,50.6618
545.2571,128.4557,17.0220,51.1767
545.3302,128.9215,16.9952,51.1932
545.2185,128.5200,16.9101,51.5418
545.2726,127.9201,16.8775,51.9472
545.1610,128.1531,16.9061,51.9128
544.6759,127.7945,17.0282,51.9471
544.4828,127.8545,17.0713,51.9175
544.0782,127.3938,17.1899,51.9169
543.4929,127.9585,17.3293,51.5939
543.5690,127.5042,17.2571,51.8948
543.3267,127.6269,17.2934,51.7408
543.0513,127.5913,17.3124,51.7517
542.6868,127.2887,17.3246,51.8563
542.6248,126.4838,17.3086,52.2101
542.2687,126.1373,17.3855,52.2222
542.2454,125.3949,17.3567,52.6175
541.6852,125.2503,17.4788,52.5373
541.5668,124.3564,17.4606,52.7949
540.9954,125.3475,17.5363,52.4616
540.8814,124.1639,17.4730,52.9401
540.2468,123.4970,17.7658,52.8864
537.4908,123.6648,17.9871,53.7257
535.7574,123.2641,18.9575,53.3559
537.6953,121.9454,21.1573,52.3898
538.3889,120.4026,23.3842,51.5267
538.9589,120.5406,24.9423,51.2800
539.5143,120.6949,26.1902,51.1593
540.0795,120.4825,27.3283,51.3857
540.7059,120.0031,28.1810,51.7431
541.0106,119.7143,28.9889,51.8625
540.3810,117.5774,30.4003,51.1886
540.1149,118.3426,31.3860,51.2052
538.9993,117.9803,32.2044,50.7602
538.3245,117.5190,32.7862,50.3152
538.0071,117.1671,33.1019,50.0608
537.2139,117.7269,33.3621,49.8997
536.6057,118.4371,33.0965,50.5633
534.1813,122.3389,30.1179,53.5862
535.7758,121.4386,27.8620,56.5959
535.9108,118.5407,28.1158,57.1205
539.8430,121.4247,28.1891,57.7689
539.6266,122.9404,28.1780,58.6261
539.5617,123.9318,28.0193,59.5705
538.8154,120.6909,28.1971,60.0313
538.7834,122.0548,28.2238,60.8406
537.9147,118.9945,28.5622,61.1721
538.0272,120.4038,28.4119,62.1958
537.1068,117.4182,28.5812,62.5222
536.8658,119.2750,28.6433,63.1809
535.7068,116.7488,28.9463,63.4045
535.9323,118.8956,28.8680,64.2797
535.0710,116.3351,29.1327,64.6380
535.1281,118.4207,28.9281,65.5918
534.1293,115.6390,29.0092,66.0913
532.4799,113.8904,29.3577,66.1817
532.2829,116.7451,29.2478,67.0014
531.7244,114.4787,29.4100,67.3797
530.8196,112.8214,29.6900,67.7332
530.8384,116.0328,29.5350,68.5112
529.8017,114.0969,29.6172,69.0423
529.2159,112.5110,29.8683,69.3175
529.0600,115.5929,29.5087,70.3808
528.5099,112.9229,29.3936,71.1359
527.5986,111.9128,29.0783,71.9833
525.5507,109.1803,28.4039,72.0386
523.4008,111.0749,26.1686,74.6028
526.1947,106.3117,26.3840,74.2667
526.8423,104.6656,27.0177,73.3514
523.6892,103.9835,26.9648,73.3333
525.5315,100.8676,28.9464,70.9029
525.5727,102.1286,31.0843,68.5257
521.8287,102.0572,32.1866,66.1081
519.7073,102.8195,32.4001,64.5841
521.0196,102.4146,33.3322,62.8548
518.4502,103.1722,33.4973,61.7573
519.6375,103.1547,34.2560,60.2078
517.1529,104.0145,34.1786,59.4764
517.7778,103.6196,34.8598,58.1194
518.0492,104.8395,35.1064,58.0186
517.1464,103.4920,35.7660,56.8969
516.1702,103.9470,35.9797,55.7318
515.7317,104.0269,36.1221,54.8744
515.2993,104.6178,36.1290,54.2704
515.7845,104.0542,36.1882,53.8413
515.3638,104.9101,36.0657,53.5155
515.2708,104.4883,36.0344,53.2762
514.7981,105.1091,35.9905,52.9957
514.7536,105.1240,36.0118,52.7826
514.5628,105.2656,35.9103,52.6240
513.7744,105.3541,35.9034,52.6258
513.6905,105.5013,35.8601,52.6951
513.0567,106.3006,35.4820,53.2414
513.5067,109.5863,33.0857,55.7061
516.5283,113.4519,29.8755,58.6446
517.1985,111.0042,28.6303,60.6667
517.9282,113.1688,28.9695,61.5158
522.8770,115.6795,28.9480,62.3733
523.5605,117.8432,28.8507,63.2553
523.1868,115.4321,29.2147,63.6679
523.7135,117.7144,29.3061,64.5213
524.2507,119.5433,29.0939,65.5873
523.9266,116.8533,29.4140,66.1839
524.5078,118.9071,29.3726,67.2505
523.8777,116.4626,29.6966,67.9269
523.0042,115.2330,30.3287,68.1136
523.6278,118.0624,30.4227,69.0366
523.2850,116.3875,30.9438,69.4463
522.3638,115.6157,31.5199,69.6860
523.0136,118.9111,31.7218,70.5829
522.6228,117.2128,32.0805,71.1441
521.8469,116.0411,32.6428,71.5452
521.1384,115.2420,33.5180,71.6463
520.6206,114.2372,34.3341,71.7574
501.1261,103.7816,38.7742,67.0726
496.9918,103.3586,42.0725,61.5963
497.7111,107.5746,44.6004,57.8657
498.5265,106.6224,46.8694,54.0412
496.8001,106.6840,48.5594,50.0192
498.0284,106.0420,51.2893,45.3577
498.8766,107.3655,53.7838,41.3108
496.3288,111.2397,53.2977,39.6738
499.2827,109.7671,54.3275,36.8497
499.8699,110.7457,55.6027,34.2249
500.2757,111.9971,56.5915,32.0781
500.3460,112.1679,57.1013,30.4814
500.9311,113.6140,57.7047,29.1339
500.9603,115.4104,58.4854,28.2100
501.6912,116.7290,58.7201,27.6194
502.4287,118.1105,58.8645,27.2149
503.0876,118.4121,58.9038,26.9250
503.2416,119.0560,59.0551,26.6857
503.8474,119.4034,58.7501,26.5807
504.2354,119.6721,58.7678,26.4184
503.9833,120.4461,59.0151,26.1508
504.3358,120.0577,58.8261,26.0870
504.2725,120.3440,58.6838,25.9957
504.8328,120.8673,58.3345,25.9656
505.0873,121.3407,58.1778,25.9354
506.2120,122.0281,58.0214,25.8877
505.6089,122.5208,58.0900,25.7482
506.4791,122.1734,57.8241,25.8454
506.8672,121.9890,57.5623,25.7652
507.7334,122.4831,57.4108,25.8180
508.4911,123.1662,57.2067,25.7973
508.1319,122.6911,57.1519,25.7238
508.7458,123.4696,56.9111,25.7410
509.5996,124.0879,56.7439,25.6834
510.9601,124.3168,56.6683,25.4883
511.1779,124.2303,56.7090,25.2828
512.3493,125.4642,56.8951,25.1767
513.0421,124.5896,56.5707,25.2142
514.2363,125.7312,56.8038,25.0414
514.2594,126.2535,56.6578,24.9829
515.0516,125.9143,56.4799,24.8909
515.9633,126.1550,56.1525,24.9492
517.0226,126.7319,56.0639,25.0063
517.5660,126.2239,55.7315,25.0717
518.3710,126.9155,55.6566,25.0018
518.9547,127.7157,55.4381,24.9771
519.4208,126.5384,54.9399,24.8404
519.9810,125.5638,54.4866,24.8419
523.9330,124.4504,53.8841,24.1811
536.5146,123.4845,51.3948,24.5981
544.3699,133.0753,47.3310,28.3131
545.9246,128.0956,43.6572,31.5964
550.0339,127.4567,40.6305,33.9134
553.1266,126.1453,38.3813,36.1469
554.7107,124.1440,36.9669,37.2709
555.2996,123.5690,36.1863,37.5131
556.0533,123.3615,35.6473,37.4295
556.3300,123.2080,35.1145,37.3621
557.7123,124.7302,34.3092,38.2789
557.9866,124.0123,33.9662,38.2373
558.0308,123.5155,33.7213,38.1288
558.5561,123.1524,33.5390,37.8017
558.8113,123.1451,33.4083,37.4840
559.0470,124.4935,33.1058,38.3041
559.1406,123.3154,32.9145,38.5573
559.2551,122.7562,32.7865,38.3528
560.4037,123.4858,32.3767,39.3626
561.7993,123.2350,31.9176,40.4263
561.2866,124.1218,30.9266,42.1722
566.1642,126.6163,28.0569,45.0662
567.6188,127.7035,27.3435,46.8906
569.9496,128.0377,28.8195,45.9122
570.2772,129.7709,30.6759,44.4207
564.2098,125.8833,32.7233,42.8195
563.7793,126.2065,34.6010,41.7333
558.7601,122.6100,36.0763,40.7137
551.8286,121.2279,37.5807,39.1435
542.6664,119.6389,39.5889,36.8964
540.7339,117.8979,40.6511,34.4929
541.2100,117.2660,42.6137,31.7759
541.2411,117.8343,44.0984,29.6797
539.9656,118.8734,45.4148,28.0593
539.5068,118.9422,46.0680,26.9570
539.3307,119.2528,46.3631,26.0103
539.1195,119.5254,46.5251,25.2884
539.4654,120.0188,46.4728,24.6910
538.9547,120.6009,46.6258,24.2615
538.6644,120.4678,46.5346,23.9361
538.8494,120.6921,46.0990,23.7119
539.5179,120.2842,45.6130,23.5500
538.8656,119.7996,45.2582,23.3417
539.5478,120.3901,44.5969,23.1654
540.4616,119.1952,43.9680,23.0392
548.2401,117.6804,42.4944,22.7551
563.3723,124.2482,39.1595,25.6094
564.8430,120.9755,36.3155,28.1345
567.3138,120.0547,36.4572,29.2229
569.4133,119.3911,37.3740,29.9572
570.5478,119.7288,37.8971,31.0538
568.2186,120.4654,38.9038,32.4490
565.3782,120.7744,39.6625,33.9250
563.7938,120.8418,40.5212,35.4464
563.0074,120.1622,40.9510,36.9151
562.7202,120.0833,41.2929,38.2738
562.5253,118.9538,41.5779,39.3972
562.6673,118.6947,41.9007,40.2896
562.0807,119.2217,42.1274,41.0058
561.6434,118.8364,42.3245,41.4945
561.6581,118.1100,42.4091,42.1035
561.2745,118.7045,42.5000,42.6756
561.9959,117.7199,42.4170,43.1497
561.9705,118.4256,42.5100,43.4486
562.0106,117.5304,42.4152,43.5450
561.6318,117.7748,42.3490,43.6683
562.3931,118.2026,42.3247,43.8580
561.6965,117.9057,42.2374,43.8709
561.8737,117.7919,42.1459,44.0807
562.2693,117.5307,42.1884,44.1596
562.9202,117.0794,42.2076,44.3556
561.8513,117.0779,42.3131,44.3288
561.7980,116.8785,42.5192,44.6526
562.6621,117.3894,42.9733,44.8677
562.4077,117.7080,43.7032,45.0057
562.9227,118.0112,44.8552,45.4416
562.2338,119.8323,46.0128,45.9532
562.1129,120.6972,47.2843,46.1298
563.2039,119.5755,48.4622,46.2169
563.7463,119.5273,49.4714,46.2675
564.2751,119.3552,49.7585,46.2554
565.5301,119.2347,50.3400,46.3749
565.7610,119.3540,50.4776,46.3860
567.3220,118.6146,50.5854,46.4853
567.6071,118.3073,50.5985,46.3332
568.6362,118.9488,51.0463,46.0327
569.7377,118.3028,50.7540,46.1060
570.3381,118.5976,50.6505,45.9455
571.4917,118.0473,50.3696,46.0395
572.3123,117.3378,50.2337,46.0192
572.3743,117.7255,50.4628,45.6234
571.8295,117.0025,50.6351,45.2664
571.9573,117.3375,50.8016,44.9348
571.6262,118.1763,51.0846,44.5731
571.3232,117.7608,51.0304,44.5362
572.0839,117.3789,50.9100,44.7195
572.0631,117.7332,50.8879,44.5077
571.6218,117.1624,50.5364,44.6923
571.9721,115.8768,49.8943,44.1965
572.3124,116.8452,46.6997,46.8470
576.4444,126.3135,42.2753,51.1764
568.3483,113.5670,42.1532,51.2185
560.8075,110.7943,43.2557,48.9940
556.7831,108.5676,44.5205,45.5815
554.9333,110.8582,45.0395,43.3842
555.0152,108.5404,45.3109,40.6062
556.6562,110.9901,45.7639,38.8490
555.2521,109.3677,46.0502,36.4914
555.7964,108.6902,45.9576,34.4009
555.6074,108.6429,45.7485,32.7078
556.8417,108.4420,45.1420,31.1525
556.0100,108.4833,44.4761,29.9792
556.0840,110.3402,43.5890,29.0093
555.1313,109.8536,43.2306,28.1370
554.5126,111.8021,42.9816,27.4806
553.1369,111.4207,43.8127,26.3916
552.5039,111.5004,44.5668,25.5314
551.2161,113.4646,45.1189,24.8503
550.8385,113.7070,45.4713,24.4079
549.7491,113.8098,45.8275,24.1254
548.9510,113.7899,46.1030,23.8257
547.5885,113.8726,46.4778,23.5683
547.5854,114.0694,46.7231,23.3450
547.1940,114.4482,46.9897,23.2343
546.5525,113.8119,47.0650,23.2653
546.4070,114.8399,47.2696,23.1765
546.0380,114.7999,47.3640,23.1964
545.7096,114.7981,47.4019,23.2373
546.1563,114.3978,47.3064,23.2637
545.8853,114.0377,47.3309,23.2768
545.7856,113.6584,47.4025,23.2450
546.7040,114.0506,47.2433,23.2577
546.4769,113.3198,46.9272,23.2434
548.4490,112.5498,46.2988,23.1080
556.3237,110.9243,44.5868,23.0488
570.1465,115.1497,40.9117,26.4729
572.1034,114.2644,37.5519,29.9699
574.5641,112.8081,36.0000,32.4619
574.3625,111.7654,35.3198,34.5971
573.7640,110.5316,35.1160,36.2636
573.9538,109.9890,35.0165,37.7309
573.1592,109.7389,35.0408,39.0823
572.3664,109.5337,35.1669,40.4280
572.2966,108.7340,35.2392,41.4862
571.9011,108.9282,35.5425,42.4523
571.5490,108.2097,35.3713,43.4467
570.2482,111.2139,34.1172,44.7311
572.4641,114.6608,30.4997,48.1164
573.0261,112.5275,29.5526,49.9671
577.2097,123.0747,29.0407,51.5861
573.6276,113.9865,30.9169,50.0464
565.1653,107.5508,33.6786,47.2748
557.1411,107.3974,36.0723,44.6146
546.4908,106.7764,38.8748,41.4566
542.5999,105.5482,40.7757,38.4815
543.2903,105.0977,43.6512,35.2045
541.9084,106.5307,46.1759,32.6132
541.2048,107.0765,47.9787,30.6290
540.6882,108.5641,49.3055,29.0769
540.0893,108.1637,50.4629,27.8491
539.6109,108.8238,51.1708,26.9355
539.0470,108.6456,51.5494,26.4179
539.1181,109.4036,51.8582,25.9010
538.8013,109.3171,51.9677,25.5334
538.7697,109.0638,52.2041,25.0748
539.4952,108.0107,51.8637,24.8463
545.8455,107.2418,49.9203,24.7059
559.6089,112.1219,45.9643,27.8025
560.6669,112.5933,42.6633,31.1313
564.2413,109.4842,42.8510,31.1814
563.5375,109.8728,43.9604,31.6409
563.0122,110.0633,45.3163,32.0879
562.2736,109.7122,46.3745,32.5975
561.5107,109.5518,47.1091,33.0054
560.4529,109.5155,47.6475,33.4665
560.7428,109.9990,48.1698,33.8623
559.9727,109.8760,48.5662,34.1681
559.6584,110.0671,48.9390,34.3731
559.1108,109.6563,49.1335,34.5375
559.7567,109.9274,49.4405,34.6551
559.6528,109.8828,49.6581,34.8937
558.9999,109.5033,49.6747,35.1192
558.7112,109.5689,49.7315,35.2847
558.5594,109.5967,49.6740,35.3865
559.1451,109.0536,49.5280,35.2583
559.4534,108.8661,49.3256,35.1058
559.1490,109.1139,49.2342,34.9525
560.3108,109.1238,48.8807,34.6983
560.1471,108.9955,48.5861,34.7473
560.1774,109.0186,48.2291,34.5615
560.6397,109.0697,47.7947,34.2677
562.2103,109.7522,44.9691,37.0719
564.4907,114.5343,40.5173,41.3075
561.9983,107.0466,39.2938,42.8020
551.9760,105.1887,40.9752,41.0269
547.5280,103.6948,42.7095,38.7459
544.0782,102.8768,43.9278,36.3905
544.4215,103.1682,45.9073,33.5204
544.6816,103.8036,47.2218,31.2718
544.2620,104.6275,48.4938,29.3632
543.7620,105.7547,49.2148,27.9686
544.6096,105.3644,49.3994,27.0928
544.2852,105.7926,49.6871,26.3718
543.7988,106.6374,49.9700,25.5827
544.3334,105.9604,49.7853,25.2633
544.0822,106.1372,49.8414,25.0431
543.5847,107.0250,49.7562,24.8202
543.4542,107.1593,49.6906,24.7947
543.3054,107.4885,49.6101,24.7291
542.8184,107.7382,49.5174,24.6564
542.2131,107.6679,49.3607,24.6070
541.7130,107.6916,49.1650,24.5176
541.1360,108.1414,49.1441,24.5411
540.8726,107.6847,49.2381,24.4367
540.2036,108.2428,49.3721,24.3261
539.4979,107.2769,49.3465,24.1095
542.4995,105.6823,48.9974,24.1022
552.7833,104.6853,46.7639,24.5894
562.2902,109.5408,43.0802,27.9294
564.7281,113.1981,39.2034,31.8641
566.6596,114.1869,35.1906,35.8603
568.5830,113.1715,31.5113,39.9721
569.7730,109.9226,28.3357,43.2305
571.0806,109.4135,25.7256,46.1632
572.2399,109.1523,23.6504,48.5849
572.8564,106.7808,22.0515,50.0366
573.9428,107.1273,20.7686,51.5615
574.2817,106.8057,19.9320,52.7607
574.0438,104.9198,19.3935,52.8466
574.4617,106.0694,18.8924,53.4025
574.7367,103.9917,18.4952,53.4520
575.6963,104.9356,18.1686,53.7517
576.1848,104.9817,17.8685,54.3601
576.3667,104.8509,17.6957,54.8598
576.5916,104.6248,17.5898,55.2767
577.3197,105.2675,17.4433,55.5895
577.3932,105.1872,17.4924,55.8038
577.0602,105.0799,17.6201,55.8345
577.5233,104.8816,17.6650,55.9410
578.4477,104.4498,17.9236,56.3045
575.4434,104.7557,19.0961,56.3893
579.0420,102.0664,21.9349,54.9884
577.0744,102.9489,26.2609,52.1736
576.4301,104.5705,30.4215,49.8019
576.8036,105.8211,31.7492,50.3322
577.2109,106.2523,32.7245,51.2142
577.6066,105.7867,33.3356,51.9953
577.9140,105.7490,34.0696,52.6131
578.3359,105.2396,34.4903,53.3615
577.0214,102.9455,37.8917,50.8443
576.7176,104.7539,40.2413,49.2810
576.0609,106.0146,42.7001,47.8935
575.2968,107.2519,44.6546,46.8836
574.8301,107.5240,46.0051,46.1518
575.0961,108.1202,47.3344,45.7777
575.6630,107.8588,48.2409,45.5964
575.3129,108.5522,48.8304,45.2845
574.9755,108.4819,49.3248,44.8952
574.9069,108.2884,49.6358,44.6158
574.9619,108.0272,49.7963,44.4861
575.2776,108.6347,50.2047,44.1343
575.8165,107.9966,50.3621,44.0651
575.7248,107.8670,50.4632,43.9849
574.7794,107.6111,49.1223,44.1003
577.5797,113.7490,44.3290,48.9289
574.8500,111.9727,40.6039,52.9537
566.8525,102.8317,42.1318,50.7308
561.5714,100.9479,43.8417,47.3202
558.2714,100.5841,45.4448,43.7182
557.3799,100.3854,46.4451,40.6087
556.6719,103.2836,46.6478,38.5098
559.1279,102.5845,47.3641,36.5306
559.5142,101.9376,48.7429,34.0619
559.5550,103.3579,49.9925,31.8769
558.9094,103.5728,50.8633,30.2265
558.5948,105.0329,51.4957,28.9664
558.3556,104.7310,51.7121,28.1297
557.9860,105.8463,51.9342,27.3966
557.6342,104.9321,51.8194,26.8557
557.7060,105.4165,51.5985,26.4705
557.6352,105.8102,51.2289,26.2148
558.1448,105.6398,50.7927,25.8092
557.8372,105.5386,50.5399,25.3677
557.9052,106.3520,50.2042,25.0409
557.9681,106.5850,49.8336,24.7745
559.1475,106.6086,49.2399,24.5793
558.9773,106.5022,49.0476,24.3237
559.3832,105.3656,48.7714,24.0505
567.1000,104.3174,46.9038,23.9026
581.4592,109.4964,43.1502,26.9154
584.1545,107.7807,39.9093,28.7604
587.0106,108.5827,41.4117,28.6872
586.0351,109.2836,43.3709,29.1191
585.3696,107.5461,44.5327,29.3349
585.1149,108.7361,46.0048,29.9609
584.3727,109.1802,47.4448,30.7839
584.3739,109.1119,48.8347,31.4575
584.8568,109.1405,50.2217,32.2014
584.3062,108.7054,51.3595,32.8083
584.2752,108.3764,52.5127,33.3264
584.3279,108.0559,53.3778,33.7727
584.2787,108.5608,54.3477,34.3256
584.8790,108.1592,54.9371,34.7423
585.1550,107.2535,55.3699,35.2304
585.5201,106.9710,55.9087,35.4530
586.6965,106.8664,56.4200,35.5133
587.3215,107.8595,56.8799,35.7864
587.6265,107.7211,57.6288,35.9833
588.3005,107.2498,58.0476,36.3344
588.9852,106.2934,58.7829,36.3109
589.9009,107.1515,59.2677,36.4810
590.2222,107.0562,60.3964,36.6391
590.7601,106.5789,61.0728,36.6632
591.7200,106.6572,61.5441,36.8267
593.0086,106.4544,61.8656,36.8627
593.4448,106.0586,62.4196,36.8385
594.1570,106.1094,62.7714,36.8929
594.2797,105.3531,63.0871,36.8072
595.1292,106.6220,62.8599,36.8376
594.8864,105.9364,63.2253,36.8685
595.8117,105.7722,63.3408,36.8419
595.9662,105.5581,63.6351,36.8295
596.0274,106.1070,63.6515,36.9076
596.2150,105.3608,63.8227,36.8858
596.3199,106.4595,63.8336,36.9550
596.6562,105.9763,63.8957,36.9246
597.7178,104.9112,63.6875,36.7246
597.6823,102.4518,61.8936,36.4229
598.0319,107.1949,57.2229,40.1081
597.5634,107.0445,53.5354,43.0087
593.3275,101.9878,52.3489,43.4515
589.8806,101.1412,52.2204,42.5011
587.0029,99.8970,52.1720,40.7962
585.0104,99.2136,52.0988,39.1274
587.8162,98.3102,53.2266,36.5967
589.0525,98.0640,53.9753,34.5394
588.3835,98.5783,54.3904,32.5879
587.8033,98.6748,54.6780,31.0138
587.4432,98.9441,54.6995,29.8253
587.4467,99.3685,54.6866,28.8071
587.5912,99.8092,54.5054,27.9969
587.6271,100.1167,54.2057,27.3674
587.4930,100.4313,53.7872,26.8745
587.0681,100.6042,53.2889,26.3946
586.1768,100.2502,52.8380,25.9901
586.4872,100.1957,52.2403,25.6908
586.5544,100.5066,51.9050,25.3545
586.1171,100.5876,51.5274,25.1075
585.8371,101.1103,51.2766,24.7958
586.3157,100.4997,50.6962,24.6753
586.2256,101.4732,50.4361,24.3601
585.7296,101.3134,50.0848,24.2587
585.5695,101.5046,49.7508,24.1002
585.8557,100.8332,49.3450,23.8642
586.6414,100.1263,49.0598,23.4487
590.8737,99.2858,48.3410,23.1746
602.3936,98.7508,46.5601,23.3851
608.3080,107.1233,42.5955,27.2623
609.3165,100.2465,42.6220,27.6336
609.1104,101.3946,44.2016,28.5832
608.5623,102.0075,46.3378,29.5620
607.8375,102.0850,48.4108,30.7447
606.9483,101.8878,50.8351,31.3986
606.2063,101.1418,52.8072,32.3708
604.8226,101.6424,54.6578,33.0524
604.0319,101.5014,56.4499,33.9945
603.2947,101.7017,57.7974,34.8944
601.8024,100.8661,58.7530,35.5352
601.5046,100.2402,59.2881,36.2063
600.5714,99.6001,58.5128,36.6885
601.4968,101.7982,53.9797,40.9295
604.4785,106.8037,48.7081,45.6521
596.1951,97.8191,48.5286,45.3206
586.3999,95.5976,49.3274,43.2819
585.8773,94.6922,49.5285,40.7924
587.4350,97.0794,49.5986,39.8010
586.1094,95.8645,49.4755,37.9511
586.2745,94.5314,49.2942,36.0848
586.7706,96.5699,48.7071,35.1430
586.6259,95.0842,48.5196,33.6561
585.8025,94.2132,48.3087,32.3540
585.3213,96.6170,47.4509,31.5554
585.3223,94.9754,46.9111,30.5049
587.9684,94.5731,47.5886,28.8342
587.3116,95.6850,48.6289,27.3599
587.0700,95.7380,48.9645,26.3466
587.0413,96.6680,49.1515,25.5032
586.5931,96.9284,49.0314,24.9542
587.3944,96.6799,48.1685,24.6340
587.4774,96.6810,47.7767,24.1443
589.0597,95.9286,46.5809,24.0190
597.8458,94.9260,44.6917,23.9347
612.7598,101.4730,41.0962,27.2865
616.5629,98.0677,38.6641,29.7717
616.5723,99.8448,39.7279,32.0371
616.3318,100.2907,41.6050,34.2682
616.4122,100.0293,43.5935,36.6522
616.7119,99.7672,45.3991,38.9697
616.9269,99.2758,46.9702,40.8236
616.5790,98.7681,47.9571,42.4171
616.7853,98.0784,48.9110,43.4794
617.0629,97.4547,49.4485,44.5246
617.2920,97.7112,49.9959,45.3649
618.4177,97.3582,50.7702,45.9064
619.3614,96.5434,51.4188,46.1771
619.2351,96.4195,52.0465,46.1326
619.7805,96.3540,52.3929,46.0012
621.1883,96.3030,52.6437,46.1302
620.9548,96.5275,52.9418,45.8523
622.3380,96.8858,52.9869,45.8857
622.7724,95.9338,53.2610,45.7584
623.2472,96.3674,53.2354,45.4897
624.2655,95.8261,52.4515,45.6231
624.6000,96.6705,49.1560,48.5013
628.6124,106.3503,44.2567,53.5539
619.6835,94.8199,44.8508,53.0218
610.2084,92.9287,46.5555,49.5379
609.4744,92.2458,48.4023,45.9389
608.0438,96.0263,49.6309,43.4783
609.2075,94.9743,50.3431,40.9259
612.1652,94.6872,52.1210,38.0223
612.4016,95.0799,53.6368,35.5752
610.5015,98.2313,52.9004,35.1329
612.6274,97.0087,53.4450,33.4509
612.6310,96.4425,53.7997,32.2219
612.6719,96.7400,53.9748,30.9367
613.0930,96.8069,53.8052,29.8006
613.1915,97.1708,53.5831,28.8127
614.1209,97.4888,53.1730,27.8764
613.8371,98.3078,52.5120,27.2367
613.8232,98.0391,51.7425,26.7345
613.9037,97.9001,50.9103,26.2990
614.2336,97.0275,50.0418,26.0625
614.5412,97.2425,49.2238,25.7327
615.1196,98.1384,48.6543,25.1893
615.9333,98.0975,48.0225,24.9202
615.6713,98.3318,47.5286,24.6890
616.1312,98.5477,46.9595,24.4689
615.6008,98.7121,46.6365,24.2967
616.4579,99.1367,46.1039,24.0086
616.2165,98.2781,45.7829,23.8874
616.3177,98.7168,45.3742,23.6441
616.5197,98.3415,45.0083,23.4718
621.9081,97.1057,43.8089,23.3878
636.1526,96.3356,42.3523,23.5837
642.9289,103.5203,38.5208,27.2878
645.2568,99.7553,39.7121,27.4995
644.3507,98.0675,41.6654,28.2532
643.9258,98.8256,43.9588,29.2711
643.3463,99.4578,46.2446,30.5168
642.9143,97.9202,47.9515,31.3877
642.9437,98.7061,49.9857,32.6507
643.0421,97.4865,51.5163,33.4617
642.6364,98.7694,53.2359,34.3914
642.9383,98.4177,54.6812,35.3531
642.7471,97.8631,56.1692,35.9420
643.1614,98.1660,57.2387,36.5337
642.8518,98.6626,57.9890,37.0513
643.5350,98.4745,58.4344,37.4496
643.7013,98.7480,58.7208,37.7570
644.2171,98.1158,58.9103,37.9519
644.9830,98.1211,59.1919,38.2770
645.2393,99.0319,59.6551,38.5846
646.1439,98.9882,59.9170,38.7971
646.4075,98.3775,60.5194,38.9515
647.2584,98.5840,60.9532,39.2082
647.8222,99.5285,61.2280,39.0840
648.6273,98.9208,61.5323,39.0575
648.7778,97.5154,60.7399,39.1729
649.2859,97.1908,56.8195,42.4987
651.3118,96.7761,53.4491,44.7780
655.4850,108.0895,49.0348,49.2164
638.7931,96.8019,50.0006,47.7065
637.0532,95.1243,50.7058,45.1005
637.8503,94.5134,51.1671,42.3131
639.7595,97.0340,51.0812,41.2766
639.7288,95.8237,50.9495,39.4366
639.4387,97.9447,50.3002,38.7705
639.7533,96.2141,49.8685,37.1789
641.9178,98.3959,49.7745,36.5547
640.9770,95.8639,49.1948,35.3997
640.5675,94.6862,49.0501,33.9102
643.2039,97.3864,48.9275,33.4415
641.6561,96.1947,48.4508,32.4726
641.3688,95.1213,47.7991,31.4624
643.2343,96.1845,48.3830,29.6644
643.7988,96.7328,48.6299,28.4017
643.8545,96.7975,48.6981,27.3758
643.9606,97.2008,48.5345,26.5645
644.6611,96.8283,47.8650,25.8848
650.9589,95.4580,46.9454,25.4613
665.1080,99.1449,43.3287,28.3033
668.7946,98.9205,40.1133,31.0746
672.7599,99.2014,40.2280,33.5562
671.6008,98.4831,41.5266,35.8550
670.7345,99.3155,43.2906,37.9593
670.1612,98.6768,44.6340,40.0041
669.7327,98.8273,46.0988,41.5100
668.7363,99.5259,47.1081,42.5362
669.9230,97.5465,47.8406,43.6013
670.0817,97.9804,48.8851,44.2696
670.3810,96.8991,49.6181,44.8077
669.9760,97.2812,50.3197,44.9793
669.9169,97.2738,51.0435,45.2407
671.0162,97.2138,51.7527,45.4213
671.1714,97.0291,52.1773,45.2514
671.0757,97.8429,52.3755,45.4201
672.6235,97.7002,52.4223,45.7075
672.7151,97.7660,52.8281,45.3964
672.2908,98.1307,52.9203,45.1132
673.3952,97.7530,53.0421,45.1959
674.2606,97.9274,52.8997,45.2780
674.8541,97.8614,53.0556,44.9783
675.2401,98.1529,52.5775,44.9671
676.0606,97.8557,52.1381,45.4617
678.3994,109.3751,47.7981,49.4171
675.0250,99.2540,46.0440,50.9635
664.6083,95.4819,47.0925,49.2404
660.5175,94.9531,48.6757,46.0037
660.5285,98.1141,49.4382,43.8988
660.9458,97.1137,50.0358,41.2511
661.1978,99.5038,49.9499,40.1189
661.8220,97.9430,49.8217,38.3476
662.4118,100.2315,49.2817,37.4187
662.5762,98.5649,48.9238,35.8903
662.5396,97.4519,48.7750,34.3792
661.3894,96.9639,48.2455,33.0749
661.1089,99.2461,47.3862,32.3588
660.7719,97.9748,46.5753,31.1493
661.2482,97.1798,45.7612,30.0764
662.7322,97.8743,46.0399,28.4685
663.5283,98.3571,46.0190,27.1831
670.0455,97.8777,45.0615,26.5293
682.6199,101.6145,41.6350,29.3641
684.5508,101.9759,38.8518,32.4814
686.2109,102.4779,39.5719,34.7924
685.5533,102.1637,41.6510,36.5725
682.7069,102.8276,43.5994,38.3837
681.2717,102.0601,45.5564,40.0150
680.9931,101.7117,47.2247,41.5373
680.5401,101.1632,48.4575,42.7906
680.5980,101.1261,49.5969,43.8394
681.5297,100.0979,50.5953,44.4623
680.6811,99.4584,51.2858,44.6253
681.0833,98.5830,51.8005,45.0706
680.7305,98.7843,51.8709,45.4977
681.4925,98.2542,51.8173,45.5841
681.8004,97.1918,50.7239,45.5768
680.8268,99.2090,48.0442,48.1316
688.0946,110.5275,43.3112,53.1392
677.2144,96.5933,43.8810,52.2221
667.4536,95.6963,45.4450,48.7456
664.4425,99.0384,46.9464,45.8955
664.1713,98.1338,48.2835,42.8475
662.8621,100.7634,48.9476,41.0674
663.2093,98.9863,49.1929,38.8980
662.9157,101.2963,49.1544,37.6365
662.5687,99.4573,48.9160,36.1143
661.9001,98.7717,48.7449,34.6570
663.9201,98.5948,49.8450,32.8066
664.1053,100.0666,50.8575,31.3488
663.2531,100.1797,51.7764,30.2239
662.4454,100.1658,52.2708,29.4162
662.1124,100.5286,52.6143,28.8318
662.0069,101.2861,52.8077,28.4178
662.2406,100.8731,52.2670,28.1854
662.2159,101.1081,52.2128,27.8129
663.2597,99.8642,51.1311,27.6003
671.9157,99.0936,49.2365,27.5874
683.1286,108.7538,45.0590,31.5583
684.8442,103.1578,42.5784,34.1786
686.4563,101.0302,43.4333,35.2288
683.2362,101.5921,45.1353,36.1327
682.0621,101.4790,46.2750,37.6135
681.5765,101.3945,47.8107,38.5898
680.8625,100.8004,48.8483,39.1841
679.6207,101.2138,49.6991,39.6053
679.6146,100.7911,50.0935,40.3542
679.2838,100.8687,50.7356,40.8035
678.9025,100.7455,51.2009,41.0573
679.4492,100.0782,51.3661,41.5545
678.8121,100.4662,51.7130,41.7151
679.3903,100.3210,51.8041,41.8829
680.1529,100.2477,51.8495,42.1614
680.2196,99.6277,51.8088,42.4018
680.9230,99.4899,51.8172,42.4850
681.2310,99.3422,51.9765,42.3409
681.5651,99.3662,51.9767,42.6048
681.6875,99.1338,52.0851,42.4640
682.0476,99.4500,52.3881,42.3464
682.5367,99.6762,52.4065,42.3180
683.6111,100.0951,52.4866,42.5472
684.7233,99.8404,52.4998,42.8256
685.3466,100.2252,52.7301,42.8915
686.9787,100.6938,52.9564,42.9862
688.7568,100.3861,53.3649,42.9935
689.3146,100.5472,53.6944,42.9842
688.9512,101.7167,54.4195,42.8402
689.3093,105.4493,55.3795,43.3677
689.5099,107.1959,56.9056,43.3921
690.8868,109.2462,58.4552,43.6815
692.0992,109.6340,59.7704,43.9755
694.0376,111.3534,60.6018,44.1768
695.4991,112.0912,61.2715,44.3444
696.9890,112.6985,61.8115,44.4001
698.4597,113.5796,62.1929,44.2016
700.2158,114.6548,62.3126,44.0911
702.4450,115.4791,62.4378,44.0258
704.1879,116.6870,62.2071,44.0979
706.5667,117.7763,62.2252,44.2344
708.5968,119.8824,62.2164,44.3598
711.8536,120.7797,62.0503,44.3656
715.2338,123.1497,62.0052,44.6201
717.9529,124.6380,61.7157,44.6576
720.1024,127.0769,61.6699,44.8452
722.3977,128.4854,60.4443,44.8732
723.9089,130.4985,58.8239,44.8149
726.5187,132.9353,57.4240,44.5959
729.2303,134.3619,56.2706,44.5033
732.6562,135.3857,55.4053,44.3583
734.8198,137.0535,54.8205,44.3326
736.4725,139.1490,54.2960,44.2142
738.6089,141.3152,53.9413,44.2697
740.6240,143.2072,53.9100,44.1776
741.3541,144.4939,53.6144,43.6501
743.2568,145.5177,53.3120,43.6431
745.3027,146.6984,53.0377,43.1385
747.3163,147.6379,52.8180,42.7748
750.7611,148.0108,52.4779,42.6277
752.4478,150.4826,51.7146,42.0576
753.3405,151.7336,50.7601,41.3846
754.2330,153.0122,50.2060,40.9982
753.4650,154.4375,50.0440,40.8289
753.7708,154.4291,50.1924,41.5191
751.5733,155.3882,50.1924,42.3068
749.0803,155.6179,49.6957,43.0740
745.8332,157.5816,49.6709,43.1950
741.1387,159.2656,49.7195,43.6003
735.1963,162.4389,49.6930,43.9502
729.8938,162.8774,49.5923,43.9305
722.0292,164.2813,49.8554,44.2534
712.3095,168.2865,49.9240,43.9813
701.0003,172.9818,50.5079,43.9759
692.2723,178.2431,51.7877,43.7056
685.9240,186.0740,53.1481,43.5140
682.8804,193.6690,54.0733,43.7027
683.5738,197.2923,55.0746,44.1971
684.7507,199.0973,56.1688,44.8136
687.3108,198.5284,56.5750,45.4669
687.8171,196.8175,56.0481,45.9462
688.8785,194.7813,56.0671,46.1655
689.3770,192.6902,56.0986,46.0049
690.9052,190.5424,56.9458,46.1036
693.8612,187.0510,56.9952,46.9514
700.3824,183.2591,55.8428,47.6390
707.6746,183.3602,54.7551,49.2551
719.4019,186.4745,51.9735,50.5983
732.3185,189.3274,50.1911,51.0235
742.3373,181.3576,49.4083,51.9891
734.0565,169.4048,50.1557,50.7776
724.8089,166.2744,50.6221,49.6386
722.5251,162.9694,50.7941,49.1926
720.0539,157.9246,50.1072,49.3171
717.3414,155.5594,49.4884,49.6095
715.3950,155.5773,49.3914,50.3964
714.0386,155.0525,49.6667,50.7765
711.9908,158.5165,49.5296,50.6074
710.6794,155.6416,49.8417,50.3576
708.3644,162.1774,49.7570,49.9510
705.8552,163.2512,50.0986,49.2865
702.8006,160.1844,49.8355,48.9726
702.2985,156.9145,48.8094,49.0210
706.9750,158.7363,48.1939,48.9297
713.0722,156.7638,47.2720,49.5446
719.6340,163.4384,46.0634,49.5571
726.3456,166.2650,44.3239,51.3964
2
0
0
0
0
1
738.3675,203.2706,27.0031,46.9434
737.3571,201.1743,25.6055,49.1041
736.3088,199.3508,24.6084,51.0137
735.3777,197.0131,24.3372,52.0357
734.1996,191.4873,24.4673,52.2765
746.4308,194.1089,22.5012,54.2384
748.1360,192.6754,20.7703,55.8525
748.6266,185.8438,19.2846,57.6736
748.7615,187.2483,18.2640,58.6988
748.6118,187.1479,17.6102,59.1052
747.8741,182.3101,16.9973,59.7391
744.0486,179.8563,16.8119,59.6527
740.9174,177.5940,16.5881,59.9449
739.1893,172.6547,16.5594,59.8487
736.2178,169.7426,16.8586,59.9604
730.2452,168.5197,17.5204,58.5528
727.6132,164.0869,18.7377,57.7479
721.3107,164.6806,20.0126,56.0901
719.3419,164.0607,20.6952,55.0088
717.4089,162.5743,20.7517,54.6344
715.2159,162.3445,20.8979,54.5458
710.3395,162.2397,20.8775,53.9027
708.6388,161.4948,20.9271,53.4744
706.9417,160.9758,20.5959,53.7440
704.8605,160.2478,20.6039,53.8877
702.6347,158.9626,20.6140,54.1257
701.0602,158.7848,20.2145,54.6296
699.1903,159.1845,20.1202,55.0939
697.1713,160.0302,19.8868,55.4739
694.1990,162.1909,20.1210,54.8732
691.8320,167.1693,19.9511,54.7141
689.1898,173.7820,19.9149,54.6057
684.6155,180.9347,19.9399,54.7525
680.8497,194.0367,19.4723,54.2373
676.1287,207.0371,19.4568,52.2773
670.6220,228.7592,19.6783,50.0561
665.1955,256.3159,20.2985,48.0247
658.5291,266.4807,23.6715,44.7585
660.9629,271.0930,26.4946,41.8191
656.6306,271.4367,28.3591,39.7673
653.1882,272.3451,30.0019,38.3460
