1
229.3050,139.9976,54.2886,70.4078
228.6198,140.9627,53.7269,71.3823
224.1613,138.7895,54.6083,71.7432
220.9733,136.6736,55.1801,71.8550
218.4520,135.3239,55.9103,72.0046
219.3879,133.8016,56.5527,72.8166
215.7524,128.1174,56.9362,73.6256
211.5267,126.1276,58.1388,73.7486
209.3720,117.8813,58.5177,75.2678
206.0212,104.6510,59.3171,73.6043
202.2061,103.0108,60.0997,73.1237
201.6218,99.6466,60.2606,73.9685
200.1103,95.7728,60.2568,74.6393
199.1943,90.6970,60.5544,73.8594
195.6964,88.9995,60.1965,73.7524
196.5802,89.2381,60.5725,72.6714
196.3426,89.3014,61.0883,71.7325
196.5478,89.6250,61.3097,70.6640
195.6070,91.6396,62.1486,69.7628
195.1260,90.5014,61.2785,69.0568
194.3515,90.4194,60.2398,69.8644
193.3694,91.5941,58.5113,71.1432
193.4135,93.5738,57.6813,72.0218
197.3589,95.7604,57.0539,72.1212
197.3116,99.2463,56.8544,72.6928
202.0352,102.9216,57.5723,72.2430
204.9614,105.5579,58.1612,72.2190
206.7230,107.6686,58.8688,70.9395
209.5984,108.5992,59.0384,70.5319
210.1020,109.2738,59.6306,71.4518
209.6819,104.3387,59.2628,72.1235
209.7894,97.8747,59.3464,72.5460
209.6678,91.8790,58.8472,74.4837
211.2687,85.8272,58.1606,75.6905
211.2855,81.0623,57.6398,76.9483
212.1393,75.5613,57.1069,77.9934
215.1650,72.4546,56.5039,78.4354
217.5420,71.7320,56.2979,77.8739
220.1797,72.8185,56.1432,77.2626
221.0084,75.0851,55.3637,76.6195
221.0363,77.1971,55.1198,76.3456
221.7333,80.5010,54.9188,76.3009
221.4895,85.4973,55.0989,76.5019
219.6649,90.3842,55.1089,77.2514
219.1430,93.9866,55.3958,78.6310
220.8627,98.6862,55.9271,79.4896
220.3166,103.6866,56.6062,80.3180
223.2562,110.2692,56.3548,81.4521
224.0949,115.2611,56.7893,82.3854
228.4340,120.5714,56.7654,82.8060
229.9379,121.7980,56.9676,83.0132
230.8916,121.9000,57.8389,82.7696
232.8950,117.5395,58.3737,83.5277
236.1450,113.0265,58.7387,84.3975
237.5010,104.0691,59.2894,86.8160
239.2460,97.5210,59.1550,88.3173
240.3046,90.0085,58.9232,88.1875
237.6804,80.8237,59.5054,84.9387
239.1668,78.6579,58.0067,82.7484
240.3280,79.6274,56.7519,80.6264
241.4378,84.6097,57.2899,76.7213
241.9572,91.4573,58.0736,73.0609
242.7942,96.2378,58.4596,70.0366
243.8632,99.0780,59.2006,68.3044
244.8051,101.7367,59.6555,67.7900
244.8273,104.9267,59.8132,68.5183
244.5560,104.6577,59.4406,70.6566
245.4613,104.7789,58.8228,71.2545
247.5206,104.3639,58.4902,72.6384
247.3786,104.8033,58.0412,73.9945
248.7890,107.2275,57.1877,75.8857
251.7010,108.3949,56.0076,76.3506
251.2788,110.3283,55.7936,76.2526
254.8622,113.1943,56.2094,75.9098
254.0144,113.7129,57.0666,75.4285
253.1067,112.8667,57.5110,76.3487
255.1990,108.7587,57.3497,78.2960
256.0290,101.9009,57.2995,80.6234
255.2571,93.7942,57.0333,82.5310
255.9784,83.5773,57.3253,84.4494
256.0342,74.0265,57.5485,85.2441
257.1647,64.5736,57.9257,85.1327
256.4186,63.3822,58.2615,83.9295
257.3952,60.7330,58.6008,83.8297
258.2671,60.3246,58.6455,82.5088
258.6364,60.9743,59.3418,81.7066
258.9295,63.3686,59.5989,81.0352
259.2103,63.8713,59.7684,80.4244
260.3294,64.4486,60.3938,79.8622
261.2179,67.3942,60.6131,79.5336
260.0182,69.4827,60.8592,80.2239
261.3799,71.6518,61.0001,80.2730
260.8600,73.9720,60.6469,80.5646
261.1222,77.9413,60.1610,80.2491
259.9785,80.9108,59.6254,80.4466
258.7635,85.0370,59.0162,80.9794
258.5383,91.2159,59.4354,81.1907
253.8472,96.0553,61.7025,81.4663
248.1804,97.8889,63.6270,83.0334
242.9798,95.1794,64.8887,84.4955
240.0517,90.7415,65.1201,86.7624
238.2738,81.8255,65.0512,88.2756
240.0126,73.6036,64.2218,90.4055
242.3228,63.6222,63.9604,92.7316
244.8176,53.2959,63.6962,94.6991
245.8821,51.1066,63.0371,94.5055
249.2706,53.1881,62.9125,92.7365
253.6659,63.2429,63.1004,91.4249
255.4562,71.6626,63.4804,90.6414
258.3131,78.2360,63.9206,91.2254
258.0891,80.2527,64.4434,89.9686
257.4661,83.3190,64.9098,88.3275
256.5820,86.6206,65.2926,87.0727
255.9388,87.2162,65.5160,85.7182
254.9722,87.4145,65.6332,85.1642
254.6579,86.0100,65.1976,85.6650
253.0824,85.0830,64.5017,87.7952
250.1591,83.1423,64.3572,88.6998
248.3753,83.3276,64.1407,88.2080
246.0833,88.2122,63.8727,89.1031
240.2775,92.4060,65.9011,89.3544
237.6234,93.0295,67.4889,88.3097
238.6815,94.3406,68.7195,86.7953
237.9652,93.6507,69.5412,86.9050
239.8501,88.0201,69.8969,87.2471
242.9375,78.4631,70.3029,88.8730
248.6379,70.7627,69.6149,89.1223
253.3996,64.2322,67.4035,90.2376
256.2802,62.8603,65.4097,89.9912
261.8594,64.0688,64.5140,89.5594
263.9604,69.5750,64.9128,89.0203
267.9892,79.2160,65.5280,88.2267
267.9850,87.4280,66.7875,86.8435
268.3752,96.0782,67.8981,87.0681
262.0370,96.0517,69.8729,84.7199
267.9362,98.6984,71.4656,82.2570
265.9977,98.8517,72.0209,79.8203
266.5880,102.0539,71.4503,79.7625
264.9634,100.1279,70.0595,80.3476
262.9264,97.5038,67.4228,82.2583
260.5403,98.3472,65.7945,83.7431
258.6906,99.2640,65.2252,84.3589
254.8146,102.3798,65.9302,83.7610
249.1845,104.5631,66.8478,84.0885
242.2231,108.0082,67.4434,86.0020
238.0507,109.2609,67.2821,88.0420
235.6933,107.5761,66.9665,89.2716
237.0202,100.8200,66.4959,90.4885
239.7138,92.4013,65.9607,91.7610
243.2615,84.4674,64.6506,93.4073
246.9701,72.8667,64.1925,95.6323
248.1340,64.8800,64.3200,96.3895
253.4105,62.7622,65.4830,94.7063
257.0900,65.0921,66.6033,91.5225
257.3567,74.2001,69.3240,88.4224
257.6752,80.4873,71.5892,84.7632
256.9252,90.7384,73.8433,82.3044
250.8116,95.9566,75.2116,80.1977
253.4474,102.2115,75.7429,78.4554
254.0389,105.6590,75.9207,77.9986
252.0642,106.1176,75.8115,76.9903
249.3304,103.9313,75.0507,76.7824
245.7225,101.6904,73.2700,78.8265
242.6803,97.7785,71.3486,80.3524
239.6711,95.1298,70.2762,81.2456
237.3136,94.3497,68.7514,83.2223
236.8315,95.4925,67.4998,85.4215
230.7422,98.3612,68.1563,87.1083
227.2811,104.0941,69.1884,88.8996
223.2314,104.7086,69.9704,89.8503
223.2563,102.3308,69.9798,89.7003
225.0576,97.5833,69.3958,92.5345
230.5885,89.1143,66.9879,97.2346
233.0755,80.6305,65.2266,101.3298
233.2870,71.1326,65.6343,101.8666
236.4305,64.3365,65.6251,102.2201
240.7693,63.3950,65.5870,101.8915
241.6607,64.5081,66.9723,99.1286
242.7826,70.6884,68.7959,96.8381
243.9247,76.0921,70.9478,93.2379
246.3576,83.0497,73.8895,91.2359
244.6541,87.6933,74.9228,89.2436
243.6865,92.2265,75.6080,87.2248
243.0636,96.0286,75.0098,86.7581
241.6497,98.2005,74.2961,87.5208
238.5561,96.3871,72.9457,87.5834
235.8198,96.3823,70.8408,88.2217
235.3106,97.9569,69.0276,88.2986
233.0646,98.6503,67.5830,89.7305
232.3574,98.9001,67.3447,90.2286
230.9424,100.7804,68.5094,89.8293
228.6073,103.2802,69.4634,89.5274
224.1214,103.7685,71.2839,88.0795
221.0330,102.1873,71.3716,86.8247
218.8521,98.0208,71.9236,85.9429
219.5112,95.5793,72.1594,86.3416
219.1519,87.6765,71.1264,87.9611
220.5461,75.5193,69.1655,88.9070
222.0862,64.8203,67.9821,89.1564
219.7551,58.1246,67.6947,89.1760
217.8770,52.9306,67.5875,89.1953
216.1586,48.6979,66.9890,87.7493
215.9014,47.7248,66.3576,86.4615
217.0237,49.4515,66.1506,85.3740
216.3471,50.7615,65.4423,84.3370
216.6315,55.7564,65.2630,84.7004
217.2071,57.5065,64.9675,83.4331
217.3389,61.6299,65.6041,82.0197
217.6615,66.6708,65.7080,81.6380
218.0493,71.4366,65.9571,81.8772
218.3809,77.2230,65.8589,82.1827
219.1042,83.0786,66.2575,82.9567
219.8581,88.0881,66.3018,83.3286
219.8193,93.9985,66.9529,83.5419
220.4951,98.0513,66.8153,83.4232
222.2865,101.3345,67.0958,82.9163
224.0483,103.8043,67.0739,81.3420
223.9109,105.2781,67.6287,80.3180
225.3423,104.3294,67.3399,79.8936
225.6985,98.2895,67.3708,80.0242
228.7241,92.4110,67.4596,80.2090
230.3549,83.7342,67.8860,81.0254
231.7122,77.0436,67.6531,81.3201
232.3915,71.1966,67.3737,81.4971
233.0763,64.4871,67.2849,81.1780
233.9935,56.6334,67.1283,82.2716
235.9466,50.4059,67.5376,82.5385
237.7386,42.5971,67.6668,83.5756
240.7427,35.7129,67.2428,83.7240
242.9577,30.8669,67.1720,83.0748
244.2829,30.1949,67.1727,82.8498
245.2381,28.0678,68.0636,81.7618
246.2425,29.4431,68.5718,81.1664
247.5250,31.4224,69.7151,80.6790
248.5001,33.6703,70.6709,80.6114
248.8777,36.4023,71.6392,81.4785
249.3200,38.2032,72.4187,82.1442
250.3955,43.7305,73.6931,83.3531
250.7142,50.1314,75.3155,84.3706
249.0705,57.6967,77.2766,84.7572
247.7889,60.3642,78.1234,84.4068
245.4189,62.5599,78.1896,84.5925
242.0389,60.2316,78.8030,84.4585
238.8166,56.4221,80.1275,85.2634
235.0561,49.6435,80.6377,86.9040
228.6293,42.4841,81.1901,87.6541
222.8072,36.5442,81.5212,87.8133
216.1105,33.3339,82.0345,88.2591
212.8545,30.2976,81.1414,88.9845
208.7829,31.0755,81.0510,89.2279
205.8981,31.4204,80.3354,88.3545
201.9354,34.2168,80.6699,87.4641
197.7730,37.3980,81.0998,86.4715
195.2141,38.9014,81.0596,85.9065
190.6239,42.3538,80.9537,85.7835
186.1431,46.9271,81.3252,85.6962
183.6555,49.1418,80.1200,86.5758
180.8196,52.7197,79.4610,87.0758
178.1017,54.5879,78.9239,87.5598
175.1782,58.6767,78.8286,88.0580
172.5284,62.0015,78.5693,88.6687
171.3064,64.9964,77.7961,89.7424
166.7430,70.2725,77.1537,90.8200
163.5536,74.7731,76.7013,91.1282
161.9717,75.9143,76.3952,89.7461
164.9692,75.6318,76.9028,88.8218
168.2987,70.1574,77.3163,88.7515
173.2690,67.5534,77.8206,90.7098
176.2494,55.5504,78.2760,91.2279
181.2445,46.7773,78.7309,91.5492
184.1721,39.6452,79.2226,90.1446
187.7408,34.2511,80.5235,88.8970
191.0526,31.8491,80.6588,88.4311
192.4667,29.9990,80.6550,88.8820
195.5250,28.2699,79.6056,89.5783
200.3951,24.3062,80.1951,89.3452
202.5238,21.4013,80.7332,88.3716
210.1306,20.5487,80.4766,87.5711
215.6340,20.9502,81.2484,87.3186
219.6891,23.9450,82.1118,88.0363
221.9670,28.2666,82.2900,89.5390
222.5450,31.8431,82.7368,91.6401
227.0156,36.1879,83.1177,93.3121
225.8160,40.9417,83.6184,95.4672
230.2143,49.3070,84.0438,97.9140
228.8185,56.7541,85.5609,98.4259
227.4767,63.3499,86.8243,97.1567
227.1952,68.8199,86.9674,94.7029
225.8186,74.4189,86.2071,94.8571
217.7050,72.2632,86.0707,95.0669
210.5039,60.3391,86.4832,94.0117
206.4299,47.1142,87.6522,92.0861
200.8442,35.3766,87.5190,91.3056
194.7378,27.7707,87.5111,91.0941
189.3053,22.3696,86.0689,90.7017
186.5181,21.8492,84.3642,92.1074
181.4891,20.6832,82.9571,92.7770
176.6011,20.7235,80.4933,93.3727
174.5675,22.9320,78.9804,92.8685
173.3593,26.1820,77.7957,93.1920
171.7612,31.2451,77.2760,92.5915
169.9450,33.5950,77.3762,91.0856
167.8530,38.9569,77.5416,90.3979
165.7406,40.8610,77.3484,89.1106
163.8670,44.9186,76.7312,89.2366
161.6525,48.8248,76.1300,90.0173
156.8113,51.0750,75.2393,91.6757
155.1167,56.8858,74.5642,93.0192
152.0938,62.1638,74.3298,93.7487
153.9240,67.9188,73.8602,93.3861
151.9890,72.6687,73.0520,92.2640
149.8249,77.8251,71.8254,91.5965
149.9354,76.9186,71.2938,89.0757
151.7376,74.0488,71.4531,86.7853
155.2729,64.3554,71.7697,86.2095
158.8597,54.9044,72.1289,86.5390
162.1738,41.9651,72.7225,88.4505
167.7990,29.9856,71.3469,89.6229
173.3402,26.6360,71.2047,90.5585
173.8082,21.6917,71.5658,90.3075
175.5291,18.0118,71.8060,90.3296
178.1819,16.7216,71.8432,89.7125
181.5818,17.6005,72.1088,90.1007
183.5138,16.8278,72.0975,90.0437
185.8225,16.3519,72.0681,90.2226
190.2709,17.4076,70.7219,91.4537
192.6098,18.9029,69.7989,92.6378
193.7658,20.7187,69.5652,93.1575
193.0625,24.6617,69.6641,93.9594
193.2833,26.5717,69.9401,94.1290
193.4417,32.5977,70.5671,93.2606
193.6058,39.9709,71.3349,93.3406
193.9783,45.7602,71.5912,92.8043
193.6371,52.5753,71.5523,92.5048
193.9273,56.2585,71.1265,92.0045
193.6097,57.9365,70.7489,91.6813
193.5887,57.9421,70.2920,91.0381
192.9864,57.4241,70.2070,91.3730
191.9460,51.8192,70.5669,91.7615
191.9738,45.5624,70.8183,92.3941
192.2500,39.0172,70.8007,93.1526
193.0087,33.7421,70.9969,93.1753
192.7175,30.4966,71.2113,92.5709
192.1694,30.5287,71.1522,92.3571
190.1242,31.4248,71.0258,92.3923
189.0766,32.3303,70.8487,92.6437
188.6815,32.0752,70.4950,92.4038
188.1044,33.0858,70.3597,92.6423
188.4572,32.9656,69.9673,92.6939
187.3615,32.1961,69.5999,92.7350
184.8325,33.6053,70.1870,92.1898
183.1364,34.4051,70.1081,91.5963
181.1589,37.0999,69.7263,92.0100
177.0556,39.4668,69.4156,92.5558
173.6981,44.0593,69.6828,94.5561
169.9324,50.1536,70.6215,96.7851
169.2729,59.7173,72.9784,96.9812
161.9410,68.1104,73.1956,96.0294
158.3643,75.9271,73.7435,95.1228
155.1329,85.0492,73.9424,94.5492
151.0824,91.1265,73.5652,93.3526
149.1360,96.8159,73.4947,92.7622
146.5049,100.1488,73.4868,91.9689
144.1023,104.5358,73.6180,91.7668
