1
232.3982,161.7876,35.8229,66.0163
233.8744,165.5571,36.3590,64.8031
227.6458,164.4272,36.7722,63.8363
229.5505,170.8561,36.9511,64.1884
230.3436,175.2165,37.0137,63.6068
228.3071,186.9682,36.6338,63.4881
219.8266,187.5340,34.4686,66.4943
228.0674,193.6168,33.6174,67.7293
247.6109,214.9967,31.5425,72.2185
268.5015,212.7224,31.0226,78.1252
262.5454,209.0037,30.7356,82.2155
244.2466,210.1680,31.4265,84.2447
230.8188,215.7685,31.7841,86.6189
2
0
0
0
0
1
68.9696,280.4230,57.7542,52.1520
59.9334,276.1357,59.3260,51.6077
52.9349,271.2704,59.5932,51.4521
38.4401,268.8419,61.7267,50.6225
44.7278,255.7205,60.7224,49.7979
31.0400,245.0483,61.7766,49.4733
105.3619,235.3856,60.6257,49.2936
161.7664,242.7662,58.8864,49.3589
191.9171,251.5085,59.4772,48.8613
213.1902,258.7235,57.9537,48.5442
222.1501,259.3724,57.1732,47.7696
228.9900,261.1550,58.0022,47.3415
236.6953,268.4070,59.0161,46.5127
243.2002,275.5909,59.5959,45.8399
250.2179,280.6141,60.1375,45.1559
264.0960,285.8727,60.9982,45.0151
269.5677,285.8341,61.2430,44.8852
284.7865,290.5511,61.1663,44.4343
305.4787,296.2191,61.7017,44.3652
325.5866,301.0157,61.8543,43.8954
334.1346,306.8229,61.3438,44.0658
334.9082,311.8384,60.8141,44.2964
334.8673,316.5925,61.3046,44.8704
348.0235,321.8771,61.9322,45.2897
372.0373,335.7909,61.7948,45.5632
372.7086,339.2824,61.4342,46.2671
373.2177,334.2196,61.5504,46.8577
375.6783,331.3786,61.6824,47.4527
393.4110,336.5992,61.5931,47.3939
405.9261,336.7928,61.6076,47.9142
418.4201,337.4648,60.5614,48.3506
431.2055,352.9279,58.7943,49.3102
436.2174,357.0356,58.2526,49.7523
411.4496,347.5507,58.5247,50.1212
390.2052,330.0518,58.2882,51.5924
384.2646,310.3210,58.1858,52.7339
371.8302,297.8528,58.2361,53.8841
365.5354,287.0916,58.9725,53.6933
349.4156,284.4759,59.8140,52.9450
331.9241,279.9741,61.0748,51.8799
314.1725,276.1132,62.1361,50.7868
297.2447,271.8767,62.6015,50.2163
288.3001,262.0473,62.8958,49.4687
272.4816,252.1290,62.9358,49.2858
249.8537,240.4725,63.7200,48.9388
235.4752,223.4468,63.8133,48.8799
221.9438,218.6838,63.5900,48.4575
202.6935,207.3215,63.7779,48.5911
176.0084,194.1427,63.8197,49.1058
155.6165,181.2600,63.8611,49.4656
134.8128,175.3133,63.6368,49.8459
128.0280,165.2025,63.0400,50.7474
121.7131,151.8075,61.8171,52.0304
107.2359,141.3042,61.9791,52.9444
99.3175,151.7273,61.1894,54.8007
102.4038,162.5652,60.3336,55.9321
124.6561,195.5440,60.0978,56.6625
125.2769,192.4134,60.0646,57.4974
126.8455,177.2544,59.6903,58.7316
121.3006,177.7477,60.3476,58.9868
121.1586,190.2140,61.2462,58.3443
119.3568,205.3588,61.1424,58.2235
131.3347,213.4111,61.5429,58.4466
164.9650,226.0369,62.0276,59.4154
189.6632,223.4131,61.2029,60.6677
2
0
0
0
0
1
151.4959,69.6661,43.6450,67.7951
146.4693,65.8349,44.1994,70.2948
154.0707,70.1843,44.1834,70.7968
157.2693,73.7200,43.9725,71.0133
160.1594,75.1923,43.7329,71.0492
162.5340,76.3979,43.8382,71.2915
168.4401,76.9285,44.0326,71.1278
187.8790,78.9835,44.3259,70.5182
193.8445,72.6970,43.8141,70.0148
193.9780,68.9134,43.6116,68.9630
188.4172,65.4901,43.4477,68.3656
182.8412,65.2276,43.2124,67.9945
178.7414,64.7886,43.0947,66.9351
160.3829,68.8871,43.8181,66.4227
140.8111,71.8004,44.6330,65.7759
130.2950,78.8650,45.5645,65.8006
125.7726,88.8374,46.2709,64.8268
117.3257,103.5725,47.4050,64.7059
110.1626,112.6354,48.2475,64.8035
103.4204,114.0447,49.0282,64.3405
99.7332,113.5814,49.4726,63.6685
100.9388,129.6965,50.1857,64.0881
100.8530,135.2823,50.6109,64.0517
101.3706,140.6565,50.7201,64.1143
108.5752,140.1153,51.4217,63.9188
114.8307,131.5356,51.5037,64.8186
113.2052,122.6008,52.3368,65.6275
106.3644,117.7087,52.6576,65.3845
104.4433,107.4955,52.6317,64.9990
