1
527.7289,56.0373,19.3828,19.9409
527.1835,64.8652,18.9520,19.4683
524.0876,80.5285,18.9019,19.1451
523.8508,88.9550,18.4351,19.2501
519.6268,104.1462,18.1241,19.2492
519.2159,114.0042,17.8441,19.7447
518.3372,126.1978,17.3022,19.8435
508.1356,141.1098,18.3226,18.7077
510.8567,155.1330,17.7270,19.4226
519.6818,165.2388,17.5628,19.3746
529.8676,170.1069,17.5725,19.0614
540.2208,175.8405,17.4643,18.3901
540.1458,176.2362,17.4791,18.3818
559.1016,191.3208,17.3556,18.5986
558.0301,190.6141,17.3564,18.5949
579.9590,209.8071,17.2360,18.2606
583.9950,219.4156,17.1515,18.2818
592.9949,231.1932,17.0382,18.2895
599.3179,241.2561,17.0274,18.2907
598.6785,240.7713,17.0275,18.2907
2
0
0
0
0
1
626.4003,267.9682,16.7097,12.3201
631.6854,271.0089,15.9620,12.9883
633.4236,273.4963,15.7914,13.0981
638.2792,271.5527,15.1816,13.3271
640.1852,270.3797,14.8699,13.7733
639.4752,268.5416,14.7299,13.6434
642.0561,267.7789,14.7603,13.5501
641.7568,267.8706,14.9113,13.3393
642.8618,271.4249,14.8076,13.6323
643.2964,273.1931,14.4374,13.8278
643.4126,276.9606,14.6344,13.8723
649.5280,277.5552,14.9949,13.8557
649.2642,278.2178,14.8742,14.0210
650.1199,277.0524,14.9063,14.3333
