1
513.2493,196.6424,55.9066,30.6407
506.1574,195.2378,56.6609,31.0806
490.2672,196.4104,54.4537,31.6536
480.2509,197.8239,52.5997,32.7560
476.2398,197.2957,51.7002,32.0761
458.5323,193.8067,49.3772,32.7694
442.7882,191.4570,47.1819,33.1343
438.5674,190.5474,44.8882,33.9315
427.3829,189.0173,42.8192,35.3882
417.8326,188.4212,41.2134,37.4510
412.9429,188.0275,40.0453,38.4352
399.9571,185.3848,39.5987,38.7764
387.0751,185.3970,39.6016,38.7408
381.7220,184.3036,39.5033,38.8213
353.9881,183.6323,41.3972,37.6346
341.9067,182.7132,42.1815,36.9433
343.6742,178.5101,42.2712,36.5910
299.8484,172.7596,42.2792,36.9545
322.4274,167.1784,42.3648,36.8553
316.0906,165.0771,42.0244,36.9615
313.8648,164.3019,42.0136,36.8585
312.5446,163.5024,42.0056,36.8695
311.9768,162.6844,41.9939,36.8795
310.9050,161.7672,41.9882,36.8883
2
0
0
0
0
1
214.7710,163.8054,42.0382,26.6792
213.4959,162.6220,40.3736,28.1927
211.4800,160.8279,40.2662,28.3433
189.4171,154.4661,39.5933,29.2285
183.9641,157.9553,38.5101,30.2445
169.4977,150.0083,38.3468,30.5302
151.0478,145.1333,39.1614,29.4917
146.7533,148.7639,38.4297,30.3176
147.1389,151.4585,37.3234,31.6805
142.2007,159.6854,38.4051,30.4762
153.8033,156.1296,37.6138,31.2468
154.0114,162.8092,36.4330,32.6825
163.0118,165.0565,35.7749,33.2552
163.0066,167.1352,35.2810,33.5575
172.1771,168.9176,35.0138,33.2989
176.1072,174.8955,34.5995,33.7201
176.7262,177.4575,34.0341,34.2444
2
0
0
0
0
1
161.7929,176.3659,37.1506,35.0232
162.9438,176.6977,37.4647,35.6641
162.4917,176.1369,37.6306,36.2695
166.3450,176.1929,38.0248,36.8954
166.6373,173.0315,37.7125,37.5759
163.8139,169.4848,37.5132,37.8117
165.9596,169.2152,37.4252,37.5154
171.7008,189.9299,37.4773,37.4241
175.8015,193.6141,37.5117,37.4257
177.3879,198.4383,37.4901,37.4961
188.4102,203.8910,37.6580,37.4926
189.4068,208.2210,38.3290,37.4540
191.5406,209.7269,38.4650,37.5034
197.6990,211.0653,38.5757,37.4825
198.9776,212.3824,38.6262,37.4851
173.1440,211.4171,38.5038,37.8721
180.3592,220.7687,38.3632,38.1582
181.4861,221.0813,38.3425,38.4145
184.7266,224.3737,38.3189,38.5684
188.7334,226.6347,38.2986,38.5677
193.0382,230.1531,38.2910,38.5733
197.7000,232.9614,38.2658,38.5626
202.5627,235.0264,38.2588,38.5611
203.1467,232.7010,38.2555,38.5622
205.3250,228.4860,38.2569,38.5625
207.2517,224.7962,38.2504,38.5617
207.9897,223.7576,38.2450,38.5632
209.2363,224.5257,38.2298,38.5723
209.3403,225.4028,38.2154,38.5844
193.5483,224.5745,38.1742,38.7743
198.4981,229.7418,38.1147,38.7590
203.3506,225.5597,38.0852,38.8074
203.6923,228.8660,38.0103,38.7811
204.3080,230.9289,37.4602,39.3069
210.9729,232.2199,37.4081,39.3907
212.8941,235.2479,37.4799,39.2789
219.9857,240.3738,37.5709,38.9783
221.9377,244.9415,37.6549,38.6937
223.3993,247.1887,37.6568,38.5631
231.7903,249.8531,37.8674,38.2894
240.6074,249.0283,38.2373,37.9141
248.7626,249.5506,38.6323,37.4889
266.5518,257.6731,39.1035,36.8457
270.5010,261.8471,39.0649,36.7055
270.5488,266.7265,38.9986,36.5636
271.5607,267.7596,39.0506,36.4722
272.2921,277.7698,38.9295,36.5218
277.4883,282.5601,38.7559,36.6968
281.7307,285.8706,38.3972,37.0080
282.6865,290.5227,38.2060,37.3440
283.9955,295.4945,38.1174,37.5321
289.9967,295.5464,38.1011,37.5863
2
0
0
0
0
1
271.9211,281.0921,45.9322,43.4417
274.5670,285.5680,45.9279,44.9842
274.9343,288.3538,45.6110,45.2982
276.3169,289.2476,47.3302,45.7097
280.1774,289.4568,48.8438,45.8392
276.3733,287.9528,50.3649,45.8789
260.4431,288.8111,53.5971,43.1183
251.6107,297.2894,56.6238,41.0329
249.9164,303.8368,58.5118,39.7292
255.7705,303.5109,58.2622,41.0285
258.4334,302.7225,58.2318,41.6590
255.1668,301.4547,58.1938,42.0951
253.3965,296.2728,57.8977,43.1509
253.9602,290.0399,57.5958,43.4821
253.6185,291.4568,57.0487,43.9972
249.2462,301.2438,55.4368,45.0976
251.6747,300.8790,54.7401,45.6872
252.9274,304.9932,54.3673,45.8479
250.1775,304.4896,55.7679,44.6309
249.9212,311.8795,55.6408,45.2689
249.7249,304.8948,56.0369,44.7241
250.7437,312.8280,55.9867,44.9281
250.6291,313.7445,56.5880,44.3971
251.9453,338.4496,56.2049,45.0214
258.2704,342.1601,56.3650,45.3807
249.5323,331.0020,55.9706,45.8161
248.3949,331.4876,55.6746,46.1270
240.8588,336.9797,55.1386,46.3125
242.7156,336.1821,55.1632,46.5234
275.2561,350.6117,56.7530,44.8127
274.2501,351.1213,57.0969,44.6176
279.4039,352.0410,57.0189,44.8687
285.2131,352.3162,56.9833,45.2100
2
0
0
0
0
1
237.5103,343.2314,42.1399,31.3408
234.8981,344.0352,42.0010,31.8268
232.0763,343.7192,41.7924,32.6090
242.5795,333.2228,41.4598,33.2696
245.9138,328.0297,41.2578,33.4703
246.3208,326.1634,41.0678,33.6523
251.0583,324.8613,40.8406,33.8272
