1
299.5697,138.7003,71.1826,86.2477
296.9573,143.8687,73.0096,87.4834
294.9630,146.8828,74.7123,89.5037
298.1036,147.0179,74.7245,90.6578
301.4296,147.0315,74.3780,91.3283
303.6035,143.2498,75.1418,92.1208
306.7580,143.8243,74.3188,92.8524
305.4635,144.3567,74.8637,93.0809
306.2663,146.8147,74.9728,93.9634
307.0908,148.2431,76.4691,95.6584
309.5553,147.8244,76.8923,97.0172
312.7816,141.7383,78.3815,100.0564
317.4007,136.6361,79.7274,101.9309
323.7251,132.0454,79.5779,102.8800
328.7990,129.3930,78.8145,102.5176
330.6953,128.2108,78.6374,101.4095
329.6773,128.6112,78.7590,102.0945
331.0275,129.4583,79.1375,101.7339
334.3301,122.1353,79.7163,102.6246
341.2694,116.8688,80.9457,102.5805
345.5802,110.4634,81.3286,102.3561
348.2393,108.2904,81.3898,101.2322
354.9328,109.4390,82.3070,102.1613
361.0362,113.3976,83.1842,103.2026
368.4172,124.5419,86.9051,103.9705
373.9759,126.9595,86.4520,105.3221
372.4319,120.6250,87.7737,106.5402
358.2149,105.2827,89.0356,104.9905
349.0819,92.4274,89.2169,105.0113
340.8231,86.5302,89.1039,103.7712
334.4427,83.4852,87.3078,101.9723
332.8569,83.4108,86.3156,101.7259
335.1643,86.1900,86.4724,100.6887
336.4708,94.4423,88.9959,101.9768
345.4129,111.1479,90.5422,104.0834
352.9673,118.5293,91.9109,105.1808
367.7168,132.5262,92.5675,105.7737
361.9207,125.0129,93.4113,107.8243
357.8161,114.9278,94.0569,109.3978
357.6774,97.5358,93.5133,108.7960
357.0792,90.2978,93.1087,107.6927
351.7403,88.4473,92.2584,108.1062
354.1696,87.1634,90.0151,107.8004
349.5461,88.1662,90.8157,104.5511
353.9037,94.9162,92.4055,102.2849
352.0725,108.0162,91.9242,104.1363
359.2059,120.1429,91.9212,105.3510
369.4424,135.1830,91.3899,104.7693
368.1851,139.8633,92.6002,105.4595
363.4375,136.7384,92.6269,108.6327
360.6331,119.1302,91.7740,109.8629
352.9941,107.1015,92.0992,109.8801
350.8171,105.2621,91.5176,112.0830
351.8925,109.6241,91.5483,111.2357
349.0986,113.2441,91.7095,110.5309
347.0644,119.2276,89.3754,112.0003
345.5846,132.6032,88.1346,113.4980
348.9928,157.3783,87.5697,114.3717
341.5331,181.2893,89.0109,112.8780
342.3900,176.9471,89.7794,113.8818
323.8853,138.7345,89.7177,113.2012
319.0789,128.9065,88.2392,110.8050
313.3571,120.9972,86.2491,108.5803
304.0377,112.7061,86.0067,106.0583
301.5918,116.1904,85.2988,103.3828
299.3379,118.1593,83.3924,101.5777
298.3666,126.3386,81.9389,100.7326
293.4633,134.5087,81.8733,99.6189
290.2967,151.9764,80.7772,99.5770
294.1065,167.3370,79.0716,102.3384
298.0166,191.8876,78.6726,103.0731
295.6244,187.7302,78.1513,103.6227
278.4791,169.5049,78.1435,103.4548
277.1871,141.1196,77.5546,102.8772
271.6383,127.4778,76.7732,101.6706
264.9437,124.5101,76.9349,100.0957
261.5351,123.9596,76.8937,97.9102
260.2080,126.0348,76.0703,95.4177
255.8500,128.1891,75.4906,93.4774
253.6635,138.8687,74.0614,94.3063
251.4997,150.9294,74.1141,94.7217
250.9767,170.0231,74.4014,96.0912
250.6728,188.0995,74.5966,96.8400
250.0892,188.3766,74.0693,98.2920
246.7297,179.3742,74.3298,98.4579
242.6464,171.1037,73.7894,95.3680
238.6939,170.6260,73.5660,91.9723
240.6391,173.3486,74.1257,90.3773
236.8970,180.0957,74.7083,89.1246
238.9328,189.0608,75.5729,87.7400
233.3619,196.2955,75.6529,86.5435
232.6765,195.1240,75.7100,86.0166
291.3360,165.7027,78.0027,88.2504
295.2256,169.1102,80.4502,89.8144
298.9382,170.0004,80.6991,89.7673
2
0
0
0
0
1
241.9604,192.5393,67.6828,59.0218
295.2032,175.3603,62.5915,64.0834
2
0
0
0
0
1
275.5795,167.0735,35.5929,61.1065
256.2851,152.9780,35.2640,61.2218
237.4924,133.4792,37.2011,58.7805
240.9254,120.9109,38.9596,55.9735
252.0735,121.0061,39.4943,55.2086
252.6368,143.7291,41.5129,53.6812
261.7567,161.6007,38.5354,54.2810
252.6651,153.1885,40.0720,54.0547
262.1870,162.0513,39.3239,53.4158
260.8176,155.8488,38.1023,54.5671
259.9798,151.2039,38.2680,54.5780
265.6807,151.5323,37.4686,55.0397
270.0865,159.1508,37.9186,54.2177
267.5110,165.1680,38.5795,53.2232
270.8971,165.9433,38.2702,52.2146
277.0987,166.8813,38.4141,51.9755
282.8194,166.7806,39.1362,51.4712
281.6774,147.6806,39.9343,50.8027
290.1723,146.8115,39.6597,51.7945
291.2915,144.1782,39.2838,50.8244
292.4745,144.6943,39.2839,50.8243
296.1416,146.2143,40.6475,50.0136
294.7587,150.5361,42.2067,50.7062
300.6696,158.1439,42.3060,50.8065
304.3240,164.3255,41.6925,51.2771
304.9436,159.9521,41.7388,51.4635
308.4422,160.7297,41.5587,51.4371
308.0232,160.1136,41.9156,51.5849
306.2074,156.0681,42.7921,51.7389
303.8036,151.8749,43.7116,51.7332
303.0508,158.0302,43.9272,51.4958
307.9315,166.0279,41.3746,54.3208
300.4801,159.6407,41.9376,53.9496
297.0228,158.4804,43.0080,53.3627
299.4967,156.7319,42.3609,54.1835
299.0871,157.9663,42.4543,53.9023
295.4550,151.3470,42.9124,54.0735
282.9417,146.3787,42.9582,54.1430
275.3056,142.4734,43.5041,54.1972
268.4762,143.6528,43.6453,55.0378
260.9211,146.3252,43.7952,54.8732
254.2253,146.0983,44.0224,55.1219
245.6078,147.5737,44.9895,55.2843
245.0625,147.3959,43.4339,58.9094
242.9010,148.2456,43.3904,60.0364
241.7064,155.6738,42.3942,62.3201
237.9885,156.5661,43.1565,62.1084
234.8243,156.6844,44.1939,61.1830
234.3046,155.6566,44.9617,60.6017
234.1295,158.5597,45.6024,61.6626
231.8658,161.1352,46.6730,62.3332
233.1847,160.0373,47.0029,64.0025
240.1394,163.4069,46.1425,63.7744
242.6104,165.3143,46.9466,63.7488
250.0300,171.6971,48.2792,62.9365
253.2818,181.3676,51.4042,61.7085
264.6260,171.6972,51.4996,62.1209
276.6713,175.7899,51.8579,62.0543
279.9573,187.2101,52.9260,60.6912
287.5968,197.3647,52.6556,57.5711
294.1595,194.8191,52.9298,57.7410
297.9362,200.5497,53.2827,56.7255
297.0902,195.0184,54.2502,57.0892
302.4257,190.9925,55.2559,56.8995
300.6371,190.3500,57.1863,55.5022
303.4690,188.1997,58.3463,54.9839
309.3888,190.0283,60.0273,55.0257
314.9771,188.1139,61.0825,54.6634
317.6243,184.6019,62.1129,54.3559
321.5412,187.2474,63.3716,54.4896
319.5477,187.2464,65.2589,53.9613
326.3858,181.3611,64.7918,54.4921
321.7578,181.5611,66.8732,54.9912
332.3400,177.3626,69.4205,55.1006
338.6882,174.2454,70.2573,55.0166
338.1060,176.1219,72.1544,54.8340
345.1736,174.5112,73.7782,55.1433
357.1052,186.8469,70.8806,57.2133
362.5096,195.0996,68.9427,59.4222
363.1586,236.1989,68.2922,59.4929
358.1908,195.1503,68.6621,60.4806
357.9799,176.7540,68.1432,62.6919
354.5012,167.2988,66.9019,65.4246
353.2178,160.5429,66.3847,65.8208
350.1241,162.4515,65.2753,68.4318
346.8165,172.0215,65.2143,70.5456
354.2668,201.8336,64.1749,71.1806
347.0487,180.8466,64.6364,72.8006
351.9391,194.5113,65.2488,73.3039
351.1624,190.7537,63.8501,74.9248
369.4436,159.5826,60.0271,80.4678
352.8009,131.8471,60.5787,79.8536
348.5552,142.7683,60.8847,79.8836
339.5436,143.5095,63.0668,78.8344
312.8695,155.2536,59.8626,80.3158
311.6548,155.5634,57.6657,81.5988
309.7643,182.8500,56.0476,82.5020
310.5231,197.9753,54.9213,82.6671
332.7669,175.1440,57.0575,81.3040
329.6263,171.5217,57.7994,80.1376
316.6577,167.0176,58.8004,81.3159
311.6430,154.8977,61.1217,79.9698
308.3003,153.5666,62.7055,78.4682
303.0258,151.9415,64.3999,77.4466
299.2519,160.2849,65.3851,77.7742
296.1042,160.6693,65.7782,78.1325
293.2509,174.3423,66.5142,78.2370
291.8318,187.6144,67.3361,78.6794
296.2080,192.8800,68.0929,78.4822
293.8098,179.3243,68.2326,78.1235
291.8699,174.7099,69.8400,77.4655
292.2894,172.7299,70.9143,76.8321
294.1825,167.1928,71.3934,76.2101
294.6565,165.7375,72.0009,74.8995
292.2405,171.1526,71.3516,75.7853
292.7671,177.3979,70.9735,76.8247
293.4146,187.1869,69.3779,77.7968
289.7709,188.1507,70.6435,77.9372
295.8914,178.9075,69.6391,78.6904
293.2016,163.2236,69.1917,78.0311
280.5558,133.8803,70.0886,77.2830
280.6278,146.8097,68.8874,75.8220
280.6463,149.9578,67.7430,74.6075
283.3099,152.7884,66.6008,73.7671
277.8676,161.9678,66.1039,73.6940
282.7253,171.5827,65.7491,73.2266
282.7778,182.1198,66.0163,72.7970
284.1285,181.8012,65.8790,72.5906
281.6843,173.9309,66.3294,74.1279
280.1943,176.3596,68.1044,74.0005
284.9138,181.3513,68.3792,73.1142
286.9040,186.2409,67.1807,73.5043
292.2272,180.9869,66.4758,73.4874
291.1727,166.8911,65.7239,73.3464
285.9383,159.8592,66.3060,73.9093
288.2078,148.7329,65.7473,75.4416
288.1982,147.0362,66.3167,76.8923
288.0013,144.9251,66.6017,76.7583
281.5966,142.6029,66.9089,75.4035
284.4729,132.5280,67.0908,73.6145
277.8885,128.2333,67.6523,74.3692
271.5436,117.7984,62.1043,79.0110
273.6724,113.7541,56.8205,83.2335
275.3141,115.1200,53.4311,84.4073
273.4997,106.2882,51.8173,84.9910
273.1046,104.8993,51.7887,83.0750
273.2427,111.2661,51.0026,82.2669
296.6203,113.5646,53.2727,77.8124
297.7262,111.5788,52.0876,76.6235
298.2531,110.5933,53.3389,73.1313
296.8722,120.0965,54.1505,70.3259
294.0712,130.5645,55.5223,67.2578
288.0215,129.2496,56.4842,65.7084
283.2915,121.1136,57.1874,64.8551
285.6613,117.3141,56.9708,64.3036
283.3756,113.2846,56.8975,63.5140
282.1319,114.5949,57.0826,61.8925
280.2734,115.7034,57.3490,60.7907
280.0602,122.1961,56.2676,60.2225
282.0181,128.5564,55.2076,59.8015
278.7595,136.2231,55.0922,59.7867
279.7916,144.1930,54.4272,59.0835
276.6482,142.3346,53.5811,58.7608
275.6470,146.0566,53.1601,58.1965
279.0608,139.2566,52.8005,57.3982
280.9037,138.9603,51.9749,56.9314
283.0598,139.6547,51.2850,56.3296
287.9402,144.8088,51.3388,55.3307
289.0674,149.4479,50.5922,55.0620
290.6565,154.1063,50.0514,54.8004
289.3434,158.8740,49.6330,54.3920
287.9723,155.7411,50.2550,53.6864
286.8290,147.6973,49.4145,53.3714
288.6284,140.5665,49.3790,53.1414
289.3358,134.6258,49.6798,52.4710
289.2287,130.3954,50.4360,52.1640
285.4688,131.8061,49.5889,52.3411
288.5214,135.8371,49.1831,52.7987
290.0536,139.1974,48.9045,51.8340
288.4412,141.8363,49.0295,51.9779
288.2536,138.6813,48.9683,53.2433
289.7311,130.2166,48.6725,53.9855
293.2466,127.3701,49.2045,53.9544
294.5760,120.2467,48.9164,53.9620
297.7442,120.6517,49.3868,52.9909
301.1754,122.2803,49.7708,51.8133
301.5609,129.1429,50.0888,51.4543
303.8012,134.7679,51.0398,50.3898
302.0062,139.5548,50.1737,50.6077
302.9193,137.1115,49.6420,51.1384
304.0249,130.3871,47.9228,53.9800
305.5972,119.3489,47.3757,55.6216
306.8006,115.9471,46.6567,55.7413
307.4748,114.6056,45.2763,54.9886
309.5069,115.1631,44.2238,53.6802
309.7150,115.7638,42.4216,55.6415
309.2610,128.1913,40.7047,56.9535
301.0211,133.2083,42.6688,55.5695
302.0403,139.5285,41.8130,56.3498
310.7800,141.1785,42.3407,56.1213
310.9816,137.4409,43.0156,55.4664
311.7597,131.5234,43.3861,55.4594
314.2152,123.2721,43.7331,54.8820
315.4457,126.4837,43.5694,54.1308
313.9810,126.1299,44.1734,53.0954
313.9355,124.8324,44.4717,52.7420
312.4283,124.1212,44.3550,53.2048
315.9737,130.4070,43.6952,53.4730
312.4076,134.6959,44.3162,53.3605
312.4142,140.7007,44.5662,52.8839
310.9260,131.0755,44.6023,52.9370
306.6746,166.5539,42.9908,54.6368
306.2216,164.0212,43.1005,54.5268
2
0
0
0
0
1
309.1544,127.2956,36.5980,49.4341
308.3126,121.3353,36.6839,49.4223
306.3673,118.8275,37.6537,48.2739
304.7713,118.6406,38.1621,47.7189
306.1429,119.6506,37.8999,47.8773
305.1758,123.4773,38.1180,47.8354
303.7615,129.1960,38.9917,48.1761
304.6561,137.9332,39.3813,48.7422
307.8403,142.6949,39.4626,48.7579
306.1621,143.6780,39.9920,49.3675
308.1080,136.5260,40.0086,49.9106
308.8973,130.6247,40.0540,50.2761
310.7898,126.3604,39.7773,50.3630
313.4814,124.7997,39.1355,50.1859
315.1885,125.9915,38.5647,50.5677
315.4827,129.3632,38.6004,50.3829
316.3934,133.0203,38.5364,50.4692
317.9824,135.3239,38.2212,50.1382
320.8127,135.9814,39.0344,50.1901
321.9518,133.9758,38.8973,49.6241
320.6874,134.3604,39.9250,48.7946
319.8484,135.1056,40.4336,48.2181
318.1012,135.2146,39.9953,47.5576
319.0157,132.3718,38.1515,48.7429
324.5208,137.9299,38.6188,47.8820
336.7454,140.5854,38.6485,48.0869
333.1002,142.4283,38.7568,48.1643
320.7162,134.8929,39.5639,46.6421
314.6327,138.4378,39.9246,44.7560
312.6679,132.3898,39.3729,44.1365
311.4751,136.5138,38.6051,43.7018
311.8370,133.3833,36.4739,45.1839
301.4831,137.0055,36.6839,45.1324
301.8536,129.1727,36.6079,45.5686
303.2383,141.5537,36.6308,45.5048
307.1665,140.3278,36.5500,45.4771
307.3577,138.9278,35.6557,46.0600
305.7240,131.8168,35.9938,46.0348
2
0
0
0
0
1
308.6609,129.9836,36.6264,55.5216
309.0703,128.2503,36.3479,58.6951
311.1835,129.4630,37.0029,60.2035
311.4696,129.6931,37.1855,61.9266
314.1862,129.5710,37.4627,62.6876
319.3424,135.9092,37.7125,63.3211
331.8747,131.3298,39.2142,62.6699
341.5127,126.7981,40.2258,62.4961
343.0920,128.7161,41.4164,62.9707
338.0958,131.4622,41.1047,65.0617
344.7122,145.1484,41.0887,67.2167
344.3740,145.5042,40.7849,69.2265
330.6065,174.4197,39.4014,73.7019
330.4899,178.9499,39.2890,74.1988
330.6736,185.8117,40.1813,73.8156
329.6597,189.5264,39.9380,74.9128
329.0330,191.8651,39.7499,75.7683
328.8260,191.1147,39.9723,75.6743
2
