1
125.3073,340.8335,77.3683,96.1220
127.7116,330.9727,73.5888,104.0217
121.8479,332.6555,69.7604,108.8456
122.4893,335.2874,71.3166,107.9443
122.2311,346.1888,72.7555,105.6852
132.2135,343.7893,74.8686,103.5886
136.2693,325.1798,80.9326,97.9688
118.7744,304.3759,81.3329,96.7148
116.6326,276.7332,79.7160,99.6445
123.3377,249.2740,73.8434,109.1102
129.9993,240.2558,69.2370,118.0583
135.2822,229.6313,64.9569,125.2402
141.0889,217.4333,62.7453,127.8185
137.7548,211.0256,62.7095,127.0284
134.0899,217.1886,64.4203,119.9890
148.4259,230.0725,70.4666,112.2723
157.6618,243.9913,78.1825,103.8501
154.7627,243.2275,82.7153,97.7289
152.7147,232.8867,83.8155,94.8141
156.3334,217.4104,86.8064,91.6918
154.7336,195.0372,93.1537,85.2127
135.0848,171.1988,90.9021,84.7238
140.1833,149.8542,84.6969,88.2121
151.7581,137.1539,78.2468,93.7660
162.0920,126.6719,73.4379,102.4482
167.0559,121.0369,68.8165,110.7412
170.1508,120.2303,66.2034,116.7913
172.2343,120.3113,64.6069,119.9967
182.2585,115.9441,63.9701,120.8180
181.0752,116.9362,64.3913,121.8251
182.4078,116.7177,64.2582,121.3092
183.0116,116.7218,63.6817,121.3708
181.3717,114.6721,62.9126,121.3087
179.2638,116.7668,60.2187,121.9146
179.5751,118.6563,57.4988,121.6899
179.0222,123.7255,56.3629,118.7836
178.9177,132.1376,56.6067,114.7168
180.0018,142.7592,59.7253,108.1391
187.3872,158.5596,62.4268,104.3459
198.5133,172.0476,68.9001,97.8461
201.7076,171.6104,72.7592,93.9510
214.0234,163.5228,74.8400,92.3386
213.0592,152.9471,76.6549,91.2177
209.4953,140.5032,79.8236,89.2993
200.1553,113.6686,80.3533,88.2270
203.2587,86.0683,76.4493,93.0354
217.4074,66.6084,69.8903,100.7091
235.8361,52.9991,64.8079,109.1916
245.9187,48.1881,61.5988,113.2492
247.0931,26.0051,61.3694,113.4443
235.4263,49.7861,63.3632,111.5832
248.1872,59.2318,64.7116,110.2388
250.2519,71.4815,64.7165,110.2270
263.6870,81.3792,62.4648,111.3994
278.5708,66.2924,60.5599,113.6763
279.7774,48.8966,60.1621,113.4845
254.9541,22.2411,66.9206,107.4841
247.3975,-8.3714,73.2932,100.9369
264.8283,-18.3158,73.8607,100.2756
265.1395,-11.6253,73.8610,100.2586
265.1447,-6.6469,73.8588,100.2582
263.9576,-2.7423,73.8573,100.2583
261.6009,0.2562,73.8566,100.2584
260.1555,0.8363,73.8550,100.2585
257.0829,-0.9226,73.8540,100.2584
254.3762,-3.3010,73.8503,100.2575
253.6038,-11.9284,73.7769,99.9425
261.0499,-12.6731,73.5878,99.3234
256.0456,-9.5668,73.4233,98.9804
249.1714,-9.0478,72.4334,97.1219
245.0651,-5.2778,70.9913,95.6076
245.5658,-3.1754,69.0956,93.5946
246.8635,-4.6385,68.7609,91.6468
248.8278,-2.3945,67.6864,91.8032
248.7388,-4.4127,68.0511,90.4045
248.6300,-4.5274,69.5410,86.6086
246.8622,-2.6794,70.3768,85.1187
246.0099,-1.2076,70.3423,84.6504
244.6827,0.3106,69.5167,84.6576
242.1326,2.5894,66.7186,85.1419
242.5469,3.0328,63.1190,86.1673
239.0740,3.8461,59.6041,87.2662
241.9668,3.5640,57.4534,88.1479
238.1561,2.8790,55.7681,89.3102
240.0400,2.2254,55.1375,89.6854
241.6758,4.8938,57.5760,87.2679
241.0356,12.0679,60.9669,83.7552
243.3214,15.9351,62.1471,82.6173
242.6343,25.0954,65.2683,79.4551
248.8331,35.3115,70.1728,75.0481
248.5972,31.4653,73.1830,71.9974
242.6697,34.1416,76.9821,68.2240
245.9092,36.3313,79.1555,66.5043
249.1323,32.8337,80.4190,65.4977
257.0437,30.3693,83.0316,63.7605
261.3574,33.4450,85.0500,62.7530
260.8273,27.5263,87.8105,61.5541
260.6945,21.2156,91.1301,59.7255
261.1041,13.4074,92.2946,59.0728
237.9188,12.5410,92.7513,58.1865
237.6953,3.1430,93.0421,58.0630
246.8568,-0.3051,92.8943,58.2404
261.1051,0.1673,91.9955,57.9297
268.2660,1.2118,91.4895,57.2461
273.3373,-1.1735,91.2539,56.1264
270.5409,0.5729,91.0437,56.0306
267.4186,5.6427,90.6840,56.1702
266.0052,5.5971,90.5270,56.2420
263.3267,5.9613,90.3608,56.3334
261.1429,7.4148,89.3725,56.9307
261.5863,9.0012,87.9368,57.8476
261.7679,10.5471,84.8054,60.0863
260.5538,10.3794,83.2519,61.3409
261.1396,12.9381,80.0588,64.1523
263.7079,12.0177,75.7851,68.5966
267.0148,10.2646,70.4695,74.8609
269.0407,9.6067,66.2665,81.3375
271.3407,8.4812,63.8980,85.6707
273.4677,8.9879,62.1029,89.1726
273.6394,7.3894,60.6337,91.5088
274.1578,10.6475,58.1296,95.3071
267.3915,11.7653,53.9312,100.3887
269.5320,11.2577,49.7612,106.1825
269.7750,8.5857,47.2268,108.6752
267.5005,12.0340,46.2010,112.2203
267.1773,16.1305,46.0927,114.7747
266.6174,21.2666,46.7038,116.7303
265.5717,25.6085,47.1071,116.9729
264.7852,30.7090,48.0942,115.9590
265.5694,34.7855,48.0255,114.9416
266.0941,42.5559,47.7206,113.4649
268.5310,52.4434,47.8927,110.1331
268.4391,66.4120,50.3833,104.8284
271.9714,75.3971,56.3531,98.2329
274.5626,86.3467,60.2009,93.7973
285.5356,77.0010,59.3695,94.9315
300.0263,71.5170,55.0287,100.6904
313.3681,67.2460,53.3205,108.1348
317.5031,71.9120,50.6037,115.9033
320.5799,74.5553,48.2685,122.6970
327.3214,83.1771,46.1583,128.5294
328.1570,88.8977,45.9402,131.0760
328.6520,98.5860,47.9562,130.1937
320.2214,112.3425,46.9193,127.0676
318.8517,115.3255,46.7908,123.4406
321.1343,127.8781,46.5145,119.5505
322.4829,129.9312,46.0468,117.5083
323.5708,135.6635,45.9525,116.4147
328.1164,137.2511,46.2203,116.0777
330.2617,135.4689,46.7021,117.8975
