1
283.2057,132.6902,84.2360,63.4587
282.9446,133.9279,84.2365,63.1246
284.7343,138.9383,86.1488,61.8617
284.6729,140.3458,87.4222,61.1654
285.9471,143.5211,89.3135,60.6102
287.6028,144.6555,90.9512,59.3087
288.7440,146.6880,91.6532,58.5153
290.4225,149.2283,92.4944,57.9008
295.0525,148.7683,94.6509,57.7151
295.4652,150.8513,95.4720,57.6807
295.0062,150.8714,97.8036,56.6651
297.6313,151.5669,98.7263,55.8714
300.1263,152.3860,99.7476,55.8132
298.8964,152.5385,101.1324,55.4918
298.3871,153.0374,102.7183,54.8902
298.1481,153.5099,104.8471,54.4864
297.1656,155.0543,108.1467,54.5750
307.1135,155.0713,109.3624,56.0370
317.9077,158.6583,108.5951,58.7819
319.8263,156.7101,109.3963,59.7267
321.6085,157.3105,110.2374,60.1358
322.7383,165.5201,110.9879,60.2901
328.5728,165.5559,111.5955,60.4390
327.3762,165.4729,112.1966,60.5722
325.4065,165.4377,112.4802,60.6378
324.9610,164.2781,112.5049,60.6803
324.3936,172.8041,112.5100,60.7987
326.2031,171.9084,112.5469,60.7854
329.3764,171.3944,112.8310,60.7777
332.6963,170.8034,112.8932,60.7874
323.7510,170.1529,112.8549,60.7993
327.7963,167.5486,112.9381,60.8479
350.0351,149.5905,112.5854,60.3798
347.4917,153.6476,110.5402,60.0499
348.1004,154.2027,108.9131,60.0137
357.1561,155.6241,106.8814,59.4186
359.6922,156.0625,103.0356,60.7757
362.6823,157.1306,101.0220,60.4884
366.7888,158.5844,98.9708,60.6955
368.9090,159.9836,96.2685,62.1202
368.3042,158.2331,96.0938,63.3810
371.8163,159.4231,93.8884,64.4426
369.5828,159.7909,94.2354,64.7870
364.7634,160.5981,95.7118,64.8502
363.8153,161.8473,95.7531,65.3747
365.7345,162.0981,95.3875,66.0493
365.3161,165.0044,96.0505,66.3174
366.5234,165.4001,96.4225,66.4513
366.9764,164.7191,96.2236,66.7002
371.6570,167.1848,95.7983,66.4808
374.6061,168.2030,94.2446,66.2770
376.6763,169.7417,92.8554,66.0723
373.2105,171.5121,94.7450,63.7188
371.1167,171.3261,96.6109,61.7609
369.3082,170.9002,97.7385,60.2904
374.5001,172.7627,97.1483,59.1702
374.1966,171.9400,96.3297,58.5915
371.1926,172.4573,96.6248,57.5950
372.4059,172.1250,95.6028,56.3872
371.9743,172.8478,94.7107,55.2302
371.1146,171.7148,93.6225,54.2626
368.2428,170.1752,92.6048,53.1955
365.9344,169.5241,92.4863,51.5583
363.0534,164.6966,91.5353,49.9946
365.5655,163.5378,88.8760,49.5699
357.9857,160.3319,87.9150,49.2176
350.8783,158.5543,89.8036,48.5199
345.9173,157.3657,91.0337,47.9945
349.1937,155.4230,90.3503,47.5409
349.7681,154.5571,88.6571,47.4249
349.8514,153.7033,85.7541,47.3510
345.7778,152.7724,84.1850,47.1424
350.0221,150.7057,82.1746,47.8795
344.2719,147.8846,81.1266,48.3410
340.7143,150.5023,79.0970,49.1295
336.7091,149.0693,77.3235,50.2080
333.7290,148.0459,75.1748,50.7349
332.2137,147.7103,74.1100,51.0400
330.2474,145.6340,73.4085,51.3253
320.8641,144.0440,73.0568,51.5339
319.7502,143.0987,72.9291,51.6168
317.3419,142.2349,72.5557,51.8459
317.5651,141.3963,72.0710,52.1659
313.5420,133.9825,70.7696,53.4332
315.1839,133.8315,69.1568,54.8056
312.6766,133.2207,67.0087,56.8891
313.9287,135.6022,63.6318,60.4915
316.5274,132.3374,61.2131,62.9935
316.2128,137.7431,60.5116,63.7964
317.2849,136.1916,59.8310,64.6048
318.4840,133.3439,59.2985,65.2524
321.8240,129.0337,58.5232,66.3451
323.5153,121.5842,57.1043,67.6833
324.3501,115.8873,56.7518,67.9367
323.9547,109.7333,55.9445,68.6009
325.1652,118.6068,54.6695,69.6676
326.0216,110.7920,53.0082,70.6914
326.1499,111.9418,51.8322,71.1293
327.4078,112.7925,50.4795,71.5964
327.4216,112.4666,49.7217,71.8922
326.8043,113.6611,48.8271,72.3848
326.0867,115.1428,48.0097,72.8366
324.3473,117.0197,47.8641,72.8664
324.6032,118.1803,47.4222,73.1345
325.3845,119.8220,46.9761,73.4226
326.6537,121.7318,46.8258,73.4653
327.1977,124.1872,46.7800,73.4796
328.1928,125.7977,46.7557,73.4821
328.3950,126.8074,46.6897,73.4431
328.7405,127.1141,46.5910,73.4806
321.0013,119.8240,46.2992,73.1006
320.2698,121.2332,46.1012,72.8217
319.7517,118.9797,46.5527,72.0316
318.7760,120.3381,46.1502,71.9470
320.2629,118.1803,46.4359,71.4356
322.9183,116.6534,46.6661,70.9795
322.9753,125.5907,46.5359,71.0667
323.5387,125.3929,46.4790,71.1135
323.4594,126.0062,46.4590,71.1254
323.1778,126.7769,46.4316,71.1427
324.0104,133.7857,46.2668,71.3743
324.7067,132.5207,46.1869,71.4631
325.2749,132.0409,46.0944,71.5630
324.5250,132.0456,45.9897,71.6409
323.8024,131.1820,45.1543,71.9215
323.4354,130.7715,44.2673,71.8269
322.6606,130.2357,43.5743,71.5279
319.9751,125.9595,44.1855,69.7528
318.6129,127.2316,45.6065,66.4715
316.8596,129.2780,47.0759,63.4975
317.4768,130.1246,49.1922,60.7711
316.4498,130.8305,51.9624,57.9140
315.7371,132.1876,53.8695,55.7362
318.1040,130.1049,56.3556,51.8631
317.2740,132.8879,58.6813,48.7834
313.8411,133.6088,61.1273,46.2632
316.3894,133.5516,62.7639,43.9404
318.2956,133.7636,63.5035,42.2598
315.2559,134.6840,64.6339,40.7233
313.7379,134.7379,65.6719,39.9606
311.5545,134.7332,66.9483,39.6142
310.3692,134.0428,68.1520,39.4431
308.3288,133.4450,68.8808,39.4163
307.7372,133.1015,69.5343,39.3053
306.3736,133.5830,69.9147,38.8175
305.8377,133.5294,70.0387,38.5042
305.4043,133.1659,69.9092,38.3662
244.0807,130.4136,67.9562,38.7952
243.2154,133.2892,67.4992,38.5718
243.6253,134.9288,67.5897,38.1447
243.9005,136.3819,67.9756,37.5786
2
0
0
0
0
1
305.5255,137.3977,65.5643,33.8659
303.2498,138.3887,65.9923,33.6268
302.2892,138.1767,66.2980,33.4603
302.5258,138.3354,66.2389,33.5499
301.9675,138.1691,66.2609,33.4610
303.4774,139.1404,65.8498,33.2949
307.9796,139.7694,65.0709,33.3249
308.4388,140.0797,64.6332,33.2310
312.0103,138.2961,65.2585,32.9482
310.9207,137.0367,64.5907,32.1603
311.3780,135.8685,64.3892,31.3429
312.4236,134.7134,62.5624,31.3896
321.4967,133.0716,61.7700,31.5313
324.7797,131.2981,61.3942,31.9522
328.0927,129.9477,60.9295,32.5235
325.2031,129.2199,60.2535,32.6590
353.9725,117.5519,62.3623,33.6304
353.7159,116.3214,64.1032,34.4704
355.6634,116.1803,64.9840,34.8096
354.7412,114.9776,65.5789,35.0028
350.4567,113.5853,66.5112,34.8003
354.9782,115.7738,66.6188,34.1421
362.1350,115.9745,68.1758,33.2067
368.2905,115.9391,69.3538,32.3962
372.2642,114.6798,71.2415,31.3031
369.8638,114.4034,73.0239,30.3504
369.3949,112.8270,74.2027,29.7461
369.2612,111.7758,74.8527,29.2066
370.0145,111.2196,75.5357,28.9953
377.1879,109.8931,75.3189,28.8181
380.0483,108.6021,74.6994,29.0257
384.7359,107.1551,74.8512,29.2669
384.7182,105.3158,74.9653,29.2379
386.8336,103.4539,75.5695,29.7036
387.4659,101.9848,76.2045,29.9980
390.5247,100.6556,76.7264,29.9321
393.4561,99.1682,78.5305,29.8820
397.4880,98.2265,79.4380,29.9206
399.8353,96.6929,80.3787,30.0401
402.2255,94.6952,80.5165,30.0272
406.0921,93.7327,79.6373,30.3402
405.8109,93.8383,78.9964,30.8587
403.7956,94.7488,79.3577,30.9933
403.4721,96.8755,80.8083,30.6423
401.2315,97.5767,81.7924,31.1069
403.2884,98.1822,80.2490,31.4891
400.9989,103.7364,80.2834,31.4316
404.7120,103.9041,78.6755,31.7828
404.7392,104.7341,75.9607,32.0038
404.2519,105.0053,75.0402,32.1944
403.6613,105.2258,75.3361,32.6883
404.8457,104.6915,75.0249,33.4745
405.0447,106.4130,74.3652,33.8464
405.6195,105.9258,73.8619,33.8934
406.3739,106.4079,73.4955,33.8794
406.1331,108.5292,73.8142,34.0075
407.7701,108.9602,73.8608,34.1122
410.4492,110.0354,73.4608,34.1529
413.2835,111.9982,72.5616,34.3007
413.6856,113.0479,72.0858,34.6587
416.0086,115.8825,71.0553,35.5330
417.8638,116.6987,70.6647,35.6314
419.0280,117.4135,70.5887,35.8869
417.8162,119.3815,71.3832,35.9921
416.7161,120.8593,71.8811,36.3208
416.9754,121.3406,72.5631,37.0160
417.8107,122.6255,72.9957,37.4265
419.1780,122.9692,73.6179,37.8009
420.5891,123.8413,74.0316,38.0288
423.5116,124.4552,74.2626,38.1358
425.2491,124.1956,74.6014,38.3018
427.4642,123.7273,74.5047,38.0900
428.0209,123.4278,74.3952,37.8215
429.8476,123.2455,74.0074,37.5285
429.1551,122.9653,73.8865,37.1545
430.1331,121.5514,73.7296,37.1532
429.7278,121.4263,73.4289,36.9291
429.4314,120.3889,73.1710,36.7169
432.4945,119.7642,71.9899,36.4698
432.2897,121.1604,71.0768,36.0282
434.4147,122.7393,69.4232,35.6589
433.7872,125.0917,66.8642,36.0756
432.5064,125.2304,65.1075,36.2113
428.2693,126.9940,64.8090,35.9771
430.4757,130.8770,63.0679,37.4188
432.1862,128.6945,61.3557,38.7743
431.4742,129.7970,59.8326,39.7751
431.2681,130.5206,58.7817,40.7413
435.1546,137.3404,57.9100,41.6663
434.7333,137.4439,56.5135,42.8299
434.9260,137.4237,55.5792,43.7124
432.9087,139.2343,55.0777,44.2080
429.7957,140.6043,54.9497,44.3283
427.8112,141.4499,54.5686,44.7578
2
0
0
0
0
1
441.7773,145.7261,27.4459,47.6429
441.0354,146.3450,26.5416,46.7341
440.5576,145.6611,25.2539,46.0610
440.8416,146.8346,24.3109,44.4903
441.2990,147.1086,23.6732,42.8076
442.1112,147.7292,23.0987,41.5409
442.5827,149.5741,22.6170,40.5259
443.3860,150.7166,22.8622,39.0240
443.6184,150.1887,24.5023,37.0415
449.7614,141.4440,25.3135,36.5579
448.2308,143.2039,26.3688,35.5547
447.5173,144.4432,26.6457,35.2739
446.7913,141.8024,27.1834,34.7641
444.8477,142.5964,27.8058,33.9564
436.0848,151.0770,28.6595,34.0329
437.1053,153.9534,26.4336,36.2311
437.6865,154.2746,24.2530,38.2509
438.0399,154.1941,22.8246,39.9652
437.6595,153.5162,22.1340,41.1106
437.4937,152.4444,21.7972,42.1925
440.6900,153.9002,21.7366,42.4545
440.8640,157.6420,21.8651,42.8211
439.7010,151.8551,23.1426,41.5480
439.7330,154.1059,23.2892,41.8525
439.4930,153.2756,23.2883,41.7528
436.3061,151.3300,23.4026,40.8470
435.8391,149.7671,23.3451,39.2304
432.6826,151.4859,22.7371,39.1718
429.2232,154.0679,22.0411,39.9125
420.9482,167.9648,21.7549,41.2078
424.4968,168.3902,20.9834,42.5813
429.5805,162.7507,20.9015,42.1465
433.0434,152.8080,21.3248,41.0142
430.3433,155.1379,22.9699,39.1452
425.0139,158.1981,24.1606,37.3963
417.6088,166.6759,23.4799,37.2833
414.1471,178.2894,22.3255,39.2259
413.8657,179.3682,21.4037,40.6163
413.6374,183.2042,21.1038,41.1897
417.6685,184.3705,20.8377,41.3696
417.9079,185.1911,20.7717,41.4307
417.8430,184.2716,20.7530,41.3935
417.6481,188.2490,20.6976,41.4726
417.2430,183.8958,20.6646,41.2972
417.0356,184.1283,20.6520,41.2152
413.7951,184.6611,20.6576,41.0295
412.8370,185.0153,20.5793,40.8018
408.4872,185.9480,20.7078,40.5480
403.0134,190.0348,20.9849,40.3182
401.7086,188.8943,21.2204,40.1186
410.1939,185.0852,21.6721,39.2361
408.6031,185.1855,21.9094,38.5791
